defaultdict(<class 'int'>, {0: 45717, 2: 67, 3: 55, 4: 13, 1: 356, 106: 1, 10: 2, 15: 3, 5: 8, 9: 7, 12: 1, 6: 6, 13: 1, 7: 4, 18: 1, 8: 1})
[(1, 1), (2, 3266), (3, 1922), (4, 4372), (5, 13614), (6, 4456), (7, 4635), (8, 4071), (9, 4163), (10, 889), (11, 936), (12, 2159), (13, 455), (14, 335), (15, 176), (16, 295), (17, 195), (18, 43), (19, 38), (20, 24), (21, 26), (22, 22), (23, 11), (24, 11), (25, 4), (26, 11), (27, 7), (28, 6), (29, 4), (30, 4), (31, 4), (32, 11), (33, 1), (35, 4), (36, 5), (37, 2), (38, 4), (40, 12), (41, 5), (42, 1), (43, 1), (45, 1), (46, 1), (47, 2), (48, 1), (49, 1), (51, 4), (52, 1), (54, 1), (56, 2), (57, 1), (60, 1), (64, 1), (67, 1), (68, 3), (69, 1), (71, 1), (72, 1), (76, 1), (77, 1), (83, 4), (85, 1), (86, 2), (106, 1), (108, 1), (116, 1), (125, 1), (142, 1), (162, 1), (168, 2), (1059, 1)]
dang object: 0.005708972168760677
defaultdict(<class 'int'>, {0: 47173, 2: 68, 3: 561, 4: 14, 1: 356, 106: 1, 10: 2, 15: 3, 5: 8, 9: 7, 12: 1, 6: 12, 13: 1, 7: 4, 18: 1, 8: 1})
[(1, 1), (2, 3267), (3, 1994), (4, 4578), (5, 13736), (6, 4704), (7, 4663), (8, 4178), (9, 4228), (10, 992), (11, 1309), (12, 2179), (13, 481), (14, 356), (15, 347), (16, 336), (17, 231), (18, 80), (19, 87), (20, 40), (21, 194), (22, 22), (23, 48), (24, 11), (25, 20), (26, 11), (27, 7), (28, 6), (29, 10), (30, 4), (31, 4), (32, 11), (33, 1), (35, 4), (36, 5), (37, 2), (38, 4), (40, 12), (41, 5), (42, 1), (43, 1), (45, 1), (46, 1), (47, 2), (48, 1), (49, 1), (51, 4), (52, 1), (53, 1), (54, 1), (56, 2), (57, 1), (60, 1), (64, 1), (67, 1), (68, 3), (69, 1), (71, 1), (72, 1), (76, 1), (77, 1), (83, 4), (85, 1), (86, 2), (106, 1), (108, 1), (116, 1), (125, 1), (142, 1), (162, 1), (168, 2), (1059, 1)]
dang object: 0.5954314720812183
defaultdict(<class 'int'>, {0: 54740, 2: 68, 3: 568, 4: 14, 1: 680, 106: 1, 10: 2, 15: 3, 5: 8, 9: 7, 12: 1, 6: 12, 13: 1, 7: 4, 18: 1, 8: 1})
[(1, 1), (2, 3268), (3, 2313), (4, 5370), (5, 14846), (6, 5328), (7, 4927), (8, 6299), (9, 4707), (10, 1193), (11, 1659), (12, 3050), (13, 529), (14, 369), (15, 563), (16, 654), (17, 318), (18, 86), (19, 88), (20, 98), (21, 195), (22, 26), (23, 49), (24, 12), (25, 22), (26, 12), (27, 8), (28, 7), (29, 11), (30, 5), (31, 5), (32, 14), (33, 1), (35, 4), (36, 5), (37, 2), (38, 4), (39, 1), (40, 12), (41, 5), (42, 1), (43, 1), (45, 1), (46, 1), (47, 2), (48, 1), (49, 1), (51, 4), (52, 1), (53, 1), (54, 1), (56, 2), (57, 1), (60, 1), (64, 1), (67, 1), (68, 3), (69, 1), (71, 1), (72, 1), (76, 1), (77, 1), (83, 4), (85, 1), (86, 2), (106, 1), (108, 1), (116, 1), (125, 1), (142, 1), (162, 1), (168, 2), (1059, 1)]
dang object: 0.24120030387439859
defaultdict(<class 'int'>, {0: 59804, 2: 74, 3: 568, 4: 14, 1: 682, 106: 1, 10: 3, 15: 3, 5: 8, 9: 7, 12: 1, 6: 12, 13: 1, 7: 4, 18: 1, 8: 1})
[(1, 1), (2, 3740), (3, 2341), (4, 5424), (5, 14900), (6, 6087), (7, 5508), (8, 6656), (9, 5537), (10, 2509), (11, 1732), (12, 3108), (13, 570), (14, 384), (15, 772), (16, 714), (17, 329), (18, 92), (19, 118), (20, 105), (21, 202), (22, 49), (23, 60), (24, 20), (25, 31), (26, 17), (27, 12), (28, 17), (29, 15), (30, 16), (31, 12), (32, 15), (33, 3), (34, 1), (35, 9), (36, 5), (37, 2), (38, 5), (39, 1), (40, 12), (41, 5), (42, 1), (43, 1), (45, 1), (46, 1), (47, 2), (48, 2), (49, 1), (51, 4), (52, 1), (53, 3), (54, 1), (56, 2), (57, 1), (60, 1), (64, 1), (67, 1), (68, 3), (69, 1), (71, 1), (72, 1), (76, 1), (77, 1), (83, 4), (85, 1), (86, 2), (106, 1), (108, 1), (116, 1), (125, 1), (142, 1), (162, 1), (168, 2), (1059, 1)]
dang object: 0.40942243248570864
defaultdict(<class 'int'>, {0: 60671, 2: 74, 3: 568, 4: 14, 1: 682, 106: 1, 10: 3, 15: 3, 5: 8, 9: 7, 12: 1, 6: 12, 13: 1, 7: 4, 18: 1, 8: 1})
[(1, 1), (2, 3740), (3, 2341), (4, 5425), (5, 14900), (6, 6087), (7, 5591), (8, 6656), (9, 6155), (10, 2509), (11, 1732), (12, 3108), (13, 570), (14, 384), (15, 772), (16, 714), (17, 329), (18, 92), (19, 118), (20, 105), (21, 202), (22, 49), (23, 60), (24, 20), (25, 33), (26, 26), (27, 12), (28, 17), (29, 15), (30, 16), (31, 12), (32, 17), (33, 3), (34, 15), (35, 9), (36, 5), (37, 5), (38, 13), (39, 7), (40, 12), (41, 9), (42, 9), (43, 1), (44, 5), (45, 6), (46, 5), (47, 7), (48, 11), (49, 1), (50, 5), (51, 22), (52, 3), (53, 9), (54, 4), (56, 4), (57, 2), (59, 1), (60, 3), (62, 19), (64, 2), (65, 1), (67, 4), (68, 10), (69, 2), (71, 1), (72, 2), (74, 2), (75, 2), (76, 1), (77, 1), (78, 1), (79, 1), (83, 4), (85, 1), (86, 2), (98, 1), (106, 1), (108, 1), (111, 1), (116, 1), (125, 1), (142, 1), (162, 1), (168, 2), (1059, 1)]
dang object: 0.23529411764705882
defaultdict(<class 'int'>, {0: 62241, 2: 81, 3: 568, 4: 14, 1: 694, 106: 1, 10: 3, 15: 3, 5: 8, 9: 7, 12: 1, 6: 12, 13: 1, 7: 4, 18: 1, 8: 1})
[(1, 1), (2, 3744), (3, 3023), (4, 5651), (5, 15104), (6, 6124), (7, 5632), (8, 6718), (9, 6282), (10, 2569), (11, 1743), (12, 3128), (13, 579), (14, 386), (15, 773), (16, 716), (17, 329), (18, 93), (19, 118), (20, 105), (21, 204), (22, 135), (23, 62), (24, 22), (25, 33), (26, 29), (27, 15), (28, 17), (29, 16), (30, 16), (31, 12), (32, 18), (33, 3), (34, 15), (35, 9), (36, 5), (37, 5), (38, 13), (39, 7), (40, 12), (41, 9), (42, 9), (43, 1), (44, 5), (45, 6), (46, 5), (47, 7), (48, 11), (49, 1), (50, 5), (51, 22), (52, 3), (53, 9), (54, 4), (56, 4), (57, 2), (59, 1), (60, 3), (62, 19), (64, 2), (65, 1), (67, 4), (68, 10), (69, 2), (71, 1), (72, 2), (74, 2), (75, 2), (76, 1), (77, 1), (78, 1), (79, 1), (83, 4), (85, 1), (86, 2), (98, 1), (106, 1), (108, 1), (111, 1), (116, 1), (125, 1), (142, 1), (162, 1), (168, 2), (1059, 1)]
dang object: 0.07174323473882946
defaultdict(<class 'int'>, {0: 1456, 2: 1, 3: 506, 6: 6, 4: 1})
[(2, 1), (3, 72), (4, 206), (5, 122), (6, 248), (7, 28), (8, 107), (9, 65), (10, 103), (11, 373), (12, 20), (13, 26), (14, 21), (15, 171), (16, 41), (17, 36), (18, 37), (19, 49), (20, 16), (21, 168), (23, 37), (25, 16), (29, 6), (53, 1)]
dang object: 0.5954314720812183
defaultdict(<class 'int'>, {3: 7, 1: 324, 0: 7567})
[(2, 1), (3, 319), (4, 792), (5, 1110), (6, 624), (7, 264), (8, 2121), (9, 479), (10, 201), (11, 350), (12, 871), (13, 48), (14, 13), (15, 216), (16, 318), (17, 87), (18, 6), (19, 1), (20, 58), (21, 1), (22, 4), (23, 1), (24, 1), (25, 2), (26, 1), (27, 1), (28, 1), (29, 1), (30, 1), (31, 1), (32, 3), (39, 1)]
dang object: 0.24120030387439859
defaultdict(<class 'int'>, {0: 5064, 10: 1, 2: 6, 1: 2})
[(2, 472), (3, 28), (4, 54), (5, 54), (6, 759), (7, 581), (8, 357), (9, 830), (10, 1316), (11, 73), (12, 58), (13, 41), (14, 15), (15, 209), (16, 60), (17, 11), (18, 6), (19, 30), (20, 7), (21, 7), (22, 23), (23, 11), (24, 8), (25, 9), (26, 5), (27, 4), (28, 10), (29, 4), (30, 11), (31, 7), (32, 1), (33, 2), (34, 1), (35, 5), (38, 1), (48, 1), (53, 2)]
dang object: 0.40942243248570864
dang abnormal: 0.7834779328555262
defaultdict(<class 'int'>, {0: 5064, 10: 1, 2: 6, 1: 2})
[(2, 472), (3, 28), (4, 54), (5, 54), (6, 759), (7, 581), (8, 357), (9, 830), (10, 1316), (11, 73), (12, 58), (13, 41), (14, 15), (15, 209), (16, 60), (17, 11), (18, 6), (19, 30), (20, 7), (21, 7), (22, 23), (23, 11), (24, 8), (25, 9), (26, 5), (27, 4), (28, 10), (29, 4), (30, 11), (31, 7), (32, 1), (33, 2), (34, 1), (35, 5), (38, 1), (48, 1), (53, 2)]
dang object: 0.40942243248570864
dang abnormal: 0.7834779328555262
dang object: 0.32485708653656614
dang abnormal: 0.6216522067144474
dang object: 0.24659964518036664
dang abnormal: 0.4718973972086005
defaultdict(<class 'int'>, {0: 5064, 10: 1, 2: 6, 1: 2})
[(2, 472), (3, 28), (4, 54), (5, 54), (6, 759), (7, 581), (8, 357), (9, 830), (10, 1316), (11, 73), (12, 58), (13, 41), (14, 15), (15, 209), (16, 60), (17, 11), (18, 6), (19, 30), (20, 7), (21, 7), (22, 23), (23, 11), (24, 8), (25, 9), (26, 5), (27, 4), (28, 10), (29, 4), (30, 11), (31, 7), (32, 1), (33, 2), (34, 1), (35, 5), (38, 1), (48, 1), (53, 2)]
dang object 4: 0.40942243248570864
dang abnormal 4: 0.7834779328555262
dang object 5: 0.32485708653656614
dang abnormal 5: 0.6216522067144474
dang object 6: 0.24659964518036664
dang abnormal 6: 0.4718973972086005
defaultdict(<class 'int'>, {0: 45717, 2: 67, 3: 55, 4: 13, 1: 356, 106: 1, 10: 2, 15: 3, 5: 8, 9: 7, 12: 1, 6: 6, 13: 1, 7: 4, 18: 1, 8: 1})
[(1, 1), (2, 3266), (3, 1922), (4, 4372), (5, 13614), (6, 4456), (7, 4635), (8, 4071), (9, 4163), (10, 889), (11, 936), (12, 2159), (13, 455), (14, 335), (15, 176), (16, 295), (17, 195), (18, 43), (19, 38), (20, 24), (21, 26), (22, 22), (23, 11), (24, 11), (25, 4), (26, 11), (27, 7), (28, 6), (29, 4), (30, 4), (31, 4), (32, 11), (33, 1), (35, 4), (36, 5), (37, 2), (38, 4), (40, 12), (41, 5), (42, 1), (43, 1), (45, 1), (46, 1), (47, 2), (48, 1), (49, 1), (51, 4), (52, 1), (54, 1), (56, 2), (57, 1), (60, 1), (64, 1), (67, 1), (68, 3), (69, 1), (71, 1), (72, 1), (76, 1), (77, 1), (83, 4), (85, 1), (86, 2), (106, 1), (108, 1), (116, 1), (125, 1), (142, 1), (162, 1), (168, 2), (1059, 1)]
dang object 4: 0.005708972168760677
dang abnormal 4: 0.03565640194489465
dang object 5: 0.0037627316566831736
dang abnormal 5: 0.023500810372771474
dang object 6: 0.0032437341867958395
dang abnormal 6: 0.02025931928687196
defaultdict(<class 'int'>, {0: 45717, 2: 67, 3: 55, 4: 13, 1: 356, 106: 1, 10: 2, 15: 3, 5: 8, 9: 7, 12: 1, 6: 6, 13: 1, 7: 4, 18: 1, 8: 1})
[(1, 1), (2, 3266), (3, 1922), (4, 4372), (5, 13614), (6, 4456), (7, 4635), (8, 4071), (9, 4163), (10, 889), (11, 936), (12, 2159), (13, 455), (14, 335), (15, 176), (16, 295), (17, 195), (18, 43), (19, 38), (20, 24), (21, 26), (22, 22), (23, 11), (24, 11), (25, 4), (26, 11), (27, 7), (28, 6), (29, 4), (30, 4), (31, 4), (32, 11), (33, 1), (35, 4), (36, 5), (37, 2), (38, 4), (40, 12), (41, 5), (42, 1), (43, 1), (45, 1), (46, 1), (47, 2), (48, 1), (49, 1), (51, 4), (52, 1), (54, 1), (56, 2), (57, 1), (60, 1), (64, 1), (67, 1), (68, 3), (69, 1), (71, 1), (72, 1), (76, 1), (77, 1), (83, 4), (85, 1), (86, 2), (106, 1), (108, 1), (116, 1), (125, 1), (142, 1), (162, 1), (168, 2), (1059, 1)]
dang object 4: 0.005708972168760677
dang abnormal 4: 0.03565640194489465
dang object 5: 0.0037627316566831736
dang abnormal 5: 0.023500810372771474
dang object 6: 0.0032437341867958395
dang abnormal 6: 0.02025931928687196
defaultdict(<class 'int'>, {0: 45717, 2: 67, 3: 55, 4: 13, 1: 356, 106: 1, 10: 2, 15: 3, 5: 8, 9: 7, 12: 1, 6: 6, 13: 1, 7: 4, 18: 1, 8: 1})
[(1, 1), (2, 3266), (3, 1922), (4, 4372), (5, 13614), (6, 4456), (7, 4635), (8, 4071), (9, 4163), (10, 889), (11, 936), (12, 2159), (13, 455), (14, 335), (15, 176), (16, 295), (17, 195), (18, 43), (19, 38), (20, 24), (21, 26), (22, 22), (23, 11), (24, 11), (25, 4), (26, 11), (27, 7), (28, 6), (29, 4), (30, 4), (31, 4), (32, 11), (33, 1), (35, 4), (36, 5), (37, 2), (38, 4), (40, 12), (41, 5), (42, 1), (43, 1), (45, 1), (46, 1), (47, 2), (48, 1), (49, 1), (51, 4), (52, 1), (54, 1), (56, 2), (57, 1), (60, 1), (64, 1), (67, 1), (68, 3), (69, 1), (71, 1), (72, 1), (76, 1), (77, 1), (83, 4), (85, 1), (86, 2), (106, 1), (108, 1), (116, 1), (125, 1), (142, 1), (162, 1), (168, 2), (1059, 1)]
dang object 4: 0.005708972168760677
dang abnormal 4: 0.03565640194489465
dang object 5: 0.0037627316566831736
dang abnormal 5: 0.023500810372771474
dang object 6: 0.0032437341867958395
dang abnormal 6: 0.02025931928687196
defaultdict(<class 'int'>, {0: 45717, 2: 67, 3: 55, 4: 13, 1: 356, 106: 1, 10: 2, 15: 3, 5: 8, 9: 7, 12: 1, 6: 6, 13: 1, 7: 4, 18: 1, 8: 1})
[(1, 1), (2, 3266), (3, 1922), (4, 4372), (5, 13614), (6, 4456), (7, 4635), (8, 4071), (9, 4163), (10, 889), (11, 936), (12, 2159), (13, 455), (14, 335), (15, 176), (16, 295), (17, 195), (18, 43), (19, 38), (20, 24), (21, 26), (22, 22), (23, 11), (24, 11), (25, 4), (26, 11), (27, 7), (28, 6), (29, 4), (30, 4), (31, 4), (32, 11), (33, 1), (35, 4), (36, 5), (37, 2), (38, 4), (40, 12), (41, 5), (42, 1), (43, 1), (45, 1), (46, 1), (47, 2), (48, 1), (49, 1), (51, 4), (52, 1), (54, 1), (56, 2), (57, 1), (60, 1), (64, 1), (67, 1), (68, 3), (69, 1), (71, 1), (72, 1), (76, 1), (77, 1), (83, 4), (85, 1), (86, 2), (106, 1), (108, 1), (116, 1), (125, 1), (142, 1), (162, 1), (168, 2), (1059, 1)]
dang object 4: 0.005708972168760677
dang abnormal 4: 0.03565640194489465
dang object 5: 0.0037627316566831736
dang abnormal 5: 0.023500810372771474
dang object 6: 0.0032437341867958395
dang abnormal 6: 0.02025931928687196
defaultdict(<class 'int'>, {0: 45717, 2: 67, 3: 55, 4: 13, 1: 356, 106: 1, 10: 2, 15: 3, 5: 8, 9: 7, 12: 1, 6: 6, 13: 1, 7: 4, 18: 1, 8: 1})
[(1, 1), (2, 3266), (3, 1922), (4, 4372), (5, 13614), (6, 4456), (7, 4635), (8, 4071), (9, 4163), (10, 889), (11, 936), (12, 2159), (13, 455), (14, 335), (15, 176), (16, 295), (17, 195), (18, 43), (19, 38), (20, 24), (21, 26), (22, 22), (23, 11), (24, 11), (25, 4), (26, 11), (27, 7), (28, 6), (29, 4), (30, 4), (31, 4), (32, 11), (33, 1), (35, 4), (36, 5), (37, 2), (38, 4), (40, 12), (41, 5), (42, 1), (43, 1), (45, 1), (46, 1), (47, 2), (48, 1), (49, 1), (51, 4), (52, 1), (54, 1), (56, 2), (57, 1), (60, 1), (64, 1), (67, 1), (68, 3), (69, 1), (71, 1), (72, 1), (76, 1), (77, 1), (83, 4), (85, 1), (86, 2), (106, 1), (108, 1), (116, 1), (125, 1), (142, 1), (162, 1), (168, 2), (1059, 1)]
dang object 4: 0.005708972168760677
dang abnormal 4: 0.03565640194489465
dang object 5: 0.0037627316566831736
dang abnormal 5: 0.023500810372771474
dang object 6: 0.0032437341867958395
dang abnormal 6: 0.02025931928687196
defaultdict(<class 'int'>, {0: 45717, 2: 67, 3: 55, 4: 13, 1: 356, 106: 1, 10: 2, 15: 3, 5: 8, 9: 7, 12: 1, 6: 6, 13: 1, 7: 4, 18: 1, 8: 1})
[(1, 1), (2, 3266), (3, 1922), (4, 4372), (5, 13614), (6, 4456), (7, 4635), (8, 4071), (9, 4163), (10, 889), (11, 936), (12, 2159), (13, 455), (14, 335), (15, 176), (16, 295), (17, 195), (18, 43), (19, 38), (20, 24), (21, 26), (22, 22), (23, 11), (24, 11), (25, 4), (26, 11), (27, 7), (28, 6), (29, 4), (30, 4), (31, 4), (32, 11), (33, 1), (35, 4), (36, 5), (37, 2), (38, 4), (40, 12), (41, 5), (42, 1), (43, 1), (45, 1), (46, 1), (47, 2), (48, 1), (49, 1), (51, 4), (52, 1), (54, 1), (56, 2), (57, 1), (60, 1), (64, 1), (67, 1), (68, 3), (69, 1), (71, 1), (72, 1), (76, 1), (77, 1), (83, 4), (85, 1), (86, 2), (106, 1), (108, 1), (116, 1), (125, 1), (142, 1), (162, 1), (168, 2), (1059, 1)]
dang object 4: 0.005708972168760677
dang abnormal 4: 0.03565640194489465
dang object 5: 0.0037627316566831736
dang abnormal 5: 0.023500810372771474
dang object 6: 0.0032437341867958395
dang abnormal 6: 0.02025931928687196
defaultdict(<class 'int'>, {0: 45717, 2: 67, 3: 55, 4: 13, 1: 356, 106: 1, 10: 2, 15: 3, 5: 8, 9: 7, 12: 1, 6: 6, 13: 1, 7: 4, 18: 1, 8: 1})
[(1, 1), (2, 3266), (3, 1922), (4, 4372), (5, 13614), (6, 4456), (7, 4635), (8, 4071), (9, 4163), (10, 889), (11, 936), (12, 2159), (13, 455), (14, 335), (15, 176), (16, 295), (17, 195), (18, 43), (19, 38), (20, 24), (21, 26), (22, 22), (23, 11), (24, 11), (25, 4), (26, 11), (27, 7), (28, 6), (29, 4), (30, 4), (31, 4), (32, 11), (33, 1), (35, 4), (36, 5), (37, 2), (38, 4), (40, 12), (41, 5), (42, 1), (43, 1), (45, 1), (46, 1), (47, 2), (48, 1), (49, 1), (51, 4), (52, 1), (54, 1), (56, 2), (57, 1), (60, 1), (64, 1), (67, 1), (68, 3), (69, 1), (71, 1), (72, 1), (76, 1), (77, 1), (83, 4), (85, 1), (86, 2), (106, 1), (108, 1), (116, 1), (125, 1), (142, 1), (162, 1), (168, 2), (1059, 1)]
dang object 4: 0.005708972168760677
dang abnormal 4: 0.03565640194489465
dang object 5: 0.0037627316566831736
dang abnormal 5: 0.023500810372771474
dang object 6: 0.0032437341867958395
dang abnormal 6: 0.02025931928687196
defaultdict(<class 'int'>, {0: 45717, 2: 67, 3: 55, 4: 13, 1: 356, 106: 1, 10: 2, 15: 3, 5: 8, 9: 7, 12: 1, 6: 6, 13: 1, 7: 4, 18: 1, 8: 1})
[(1, 1), (2, 3266), (3, 1922), (4, 4372), (5, 13614), (6, 4456), (7, 4635), (8, 4071), (9, 4163), (10, 889), (11, 936), (12, 2159), (13, 455), (14, 335), (15, 176), (16, 295), (17, 195), (18, 43), (19, 38), (20, 24), (21, 26), (22, 22), (23, 11), (24, 11), (25, 4), (26, 11), (27, 7), (28, 6), (29, 4), (30, 4), (31, 4), (32, 11), (33, 1), (35, 4), (36, 5), (37, 2), (38, 4), (40, 12), (41, 5), (42, 1), (43, 1), (45, 1), (46, 1), (47, 2), (48, 1), (49, 1), (51, 4), (52, 1), (54, 1), (56, 2), (57, 1), (60, 1), (64, 1), (67, 1), (68, 3), (69, 1), (71, 1), (72, 1), (76, 1), (77, 1), (83, 4), (85, 1), (86, 2), (106, 1), (108, 1), (116, 1), (125, 1), (142, 1), (162, 1), (168, 2), (1059, 1)]
dang object 4: 0.005708972168760677
dang abnormal 4: 0.03565640194489465
dang object 5: 0.0037627316566831736
dang abnormal 5: 0.023500810372771474
dang object 6: 0.0032437341867958395
dang abnormal 6: 0.02025931928687196
defaultdict(<class 'int'>, {0: 45717, 2: 67, 3: 55, 4: 13, 1: 356, 106: 1, 10: 2, 15: 3, 5: 8, 9: 7, 12: 1, 6: 6, 13: 1, 7: 4, 18: 1, 8: 1})
[(1, 1), (2, 3266), (3, 1922), (4, 4372), (5, 13614), (6, 4456), (7, 4635), (8, 4071), (9, 4163), (10, 889), (11, 936), (12, 2159), (13, 455), (14, 335), (15, 176), (16, 295), (17, 195), (18, 43), (19, 38), (20, 24), (21, 26), (22, 22), (23, 11), (24, 11), (25, 4), (26, 11), (27, 7), (28, 6), (29, 4), (30, 4), (31, 4), (32, 11), (33, 1), (35, 4), (36, 5), (37, 2), (38, 4), (40, 12), (41, 5), (42, 1), (43, 1), (45, 1), (46, 1), (47, 2), (48, 1), (49, 1), (51, 4), (52, 1), (54, 1), (56, 2), (57, 1), (60, 1), (64, 1), (67, 1), (68, 3), (69, 1), (71, 1), (72, 1), (76, 1), (77, 1), (83, 4), (85, 1), (86, 2), (106, 1), (108, 1), (116, 1), (125, 1), (142, 1), (162, 1), (168, 2), (1059, 1)]
dang object 4: 0.005708972168760677
dang abnormal 4: 0.03565640194489465
dang object 5: 0.0037627316566831736
dang abnormal 5: 0.023500810372771474
dang object 6: 0.0032437341867958395
dang abnormal 6: 0.02025931928687196
defaultdict(<class 'int'>, {0: 45717, 2: 67, 3: 55, 4: 13, 1: 356, 106: 1, 10: 2, 15: 3, 5: 8, 9: 7, 12: 1, 6: 6, 13: 1, 7: 4, 18: 1, 8: 1})
[(1, 1), (2, 3266), (3, 1922), (4, 4372), (5, 13614), (6, 4456), (7, 4635), (8, 4071), (9, 4163), (10, 889), (11, 936), (12, 2159), (13, 455), (14, 335), (15, 176), (16, 295), (17, 195), (18, 43), (19, 38), (20, 24), (21, 26), (22, 22), (23, 11), (24, 11), (25, 4), (26, 11), (27, 7), (28, 6), (29, 4), (30, 4), (31, 4), (32, 11), (33, 1), (35, 4), (36, 5), (37, 2), (38, 4), (40, 12), (41, 5), (42, 1), (43, 1), (45, 1), (46, 1), (47, 2), (48, 1), (49, 1), (51, 4), (52, 1), (54, 1), (56, 2), (57, 1), (60, 1), (64, 1), (67, 1), (68, 3), (69, 1), (71, 1), (72, 1), (76, 1), (77, 1), (83, 4), (85, 1), (86, 2), (106, 1), (108, 1), (116, 1), (125, 1), (142, 1), (162, 1), (168, 2), (1059, 1)]
dang object 4: 0.005708972168760677
dang abnormal 4: 0.03565640194489465
dang object 5: 0.0037627316566831736
dang abnormal 5: 0.023500810372771474
dang object 6: 0.0032437341867958395
dang abnormal 6: 0.02025931928687196
defaultdict(<class 'int'>, {0: 45717, 2: 67, 3: 55, 4: 13, 1: 356, 106: 1, 10: 2, 15: 3, 5: 8, 9: 7, 12: 1, 6: 6, 13: 1, 7: 4, 18: 1, 8: 1})
[(1, 1), (2, 3266), (3, 1922), (4, 4372), (5, 13614), (6, 4456), (7, 4635), (8, 4071), (9, 4163), (10, 889), (11, 936), (12, 2159), (13, 455), (14, 335), (15, 176), (16, 295), (17, 195), (18, 43), (19, 38), (20, 24), (21, 26), (22, 22), (23, 11), (24, 11), (25, 4), (26, 11), (27, 7), (28, 6), (29, 4), (30, 4), (31, 4), (32, 11), (33, 1), (35, 4), (36, 5), (37, 2), (38, 4), (40, 12), (41, 5), (42, 1), (43, 1), (45, 1), (46, 1), (47, 2), (48, 1), (49, 1), (51, 4), (52, 1), (54, 1), (56, 2), (57, 1), (60, 1), (64, 1), (67, 1), (68, 3), (69, 1), (71, 1), (72, 1), (76, 1), (77, 1), (83, 4), (85, 1), (86, 2), (106, 1), (108, 1), (116, 1), (125, 1), (142, 1), (162, 1), (168, 2), (1059, 1)]
dang object 4: 0.005708972168760677
dang abnormal 4: 0.03565640194489465
dang object 5: 0.0037627316566831736
dang abnormal 5: 0.023500810372771474
dang object 6: 0.0032437341867958395
dang abnormal 6: 0.02025931928687196
defaultdict(<class 'int'>, {0: 45717, 2: 67, 3: 55, 4: 13, 1: 356, 106: 1, 10: 2, 15: 3, 5: 8, 9: 7, 12: 1, 6: 6, 13: 1, 7: 4, 18: 1, 8: 1})
[(1, 1), (2, 3266), (3, 1922), (4, 4372), (5, 13614), (6, 4456), (7, 4635), (8, 4071), (9, 4163), (10, 889), (11, 936), (12, 2159), (13, 455), (14, 335), (15, 176), (16, 295), (17, 195), (18, 43), (19, 38), (20, 24), (21, 26), (22, 22), (23, 11), (24, 11), (25, 4), (26, 11), (27, 7), (28, 6), (29, 4), (30, 4), (31, 4), (32, 11), (33, 1), (35, 4), (36, 5), (37, 2), (38, 4), (40, 12), (41, 5), (42, 1), (43, 1), (45, 1), (46, 1), (47, 2), (48, 1), (49, 1), (51, 4), (52, 1), (54, 1), (56, 2), (57, 1), (60, 1), (64, 1), (67, 1), (68, 3), (69, 1), (71, 1), (72, 1), (76, 1), (77, 1), (83, 4), (85, 1), (86, 2), (106, 1), (108, 1), (116, 1), (125, 1), (142, 1), (162, 1), (168, 2), (1059, 1)]
dang object 4: 0.005708972168760677
dang abnormal 4: 0.03565640194489465
dang object 5: 0.0037627316566831736
dang abnormal 5: 0.023500810372771474
dang object 6: 0.0032437341867958395
dang abnormal 6: 0.02025931928687196
defaultdict(<class 'int'>, {0: 45717, 2: 67, 3: 55, 4: 13, 1: 356, 106: 1, 10: 2, 15: 3, 5: 8, 9: 7, 12: 1, 6: 6, 13: 1, 7: 4, 18: 1, 8: 1})
[(1, 1), (2, 3266), (3, 1922), (4, 4372), (5, 13614), (6, 4456), (7, 4635), (8, 4071), (9, 4163), (10, 889), (11, 936), (12, 2159), (13, 455), (14, 335), (15, 176), (16, 295), (17, 195), (18, 43), (19, 38), (20, 24), (21, 26), (22, 22), (23, 11), (24, 11), (25, 4), (26, 11), (27, 7), (28, 6), (29, 4), (30, 4), (31, 4), (32, 11), (33, 1), (35, 4), (36, 5), (37, 2), (38, 4), (40, 12), (41, 5), (42, 1), (43, 1), (45, 1), (46, 1), (47, 2), (48, 1), (49, 1), (51, 4), (52, 1), (54, 1), (56, 2), (57, 1), (60, 1), (64, 1), (67, 1), (68, 3), (69, 1), (71, 1), (72, 1), (76, 1), (77, 1), (83, 4), (85, 1), (86, 2), (106, 1), (108, 1), (116, 1), (125, 1), (142, 1), (162, 1), (168, 2), (1059, 1)]
dang object 4: 0.005708972168760677
dang abnormal 4: 0.03565640194489465
dang object 5: 0.0037627316566831736
dang abnormal 5: 0.023500810372771474
dang object 6: 0.0032437341867958395
dang abnormal 6: 0.02025931928687196
defaultdict(<class 'int'>, {0: 45717, 2: 67, 3: 55, 4: 13, 1: 356, 106: 1, 10: 2, 15: 3, 5: 8, 9: 7, 12: 1, 6: 6, 13: 1, 7: 4, 18: 1, 8: 1})
[(1, 1), (2, 3266), (3, 1922), (4, 4372), (5, 13614), (6, 4456), (7, 4635), (8, 4071), (9, 4163), (10, 889), (11, 936), (12, 2159), (13, 455), (14, 335), (15, 176), (16, 295), (17, 195), (18, 43), (19, 38), (20, 24), (21, 26), (22, 22), (23, 11), (24, 11), (25, 4), (26, 11), (27, 7), (28, 6), (29, 4), (30, 4), (31, 4), (32, 11), (33, 1), (35, 4), (36, 5), (37, 2), (38, 4), (40, 12), (41, 5), (42, 1), (43, 1), (45, 1), (46, 1), (47, 2), (48, 1), (49, 1), (51, 4), (52, 1), (54, 1), (56, 2), (57, 1), (60, 1), (64, 1), (67, 1), (68, 3), (69, 1), (71, 1), (72, 1), (76, 1), (77, 1), (83, 4), (85, 1), (86, 2), (106, 1), (108, 1), (116, 1), (125, 1), (142, 1), (162, 1), (168, 2), (1059, 1)]
dang object 4: 0.005708972168760677
dang abnormal 4: 0.03565640194489465
dang object 5: 0.0037627316566831736
dang abnormal 5: 0.023500810372771474
dang object 6: 0.0032437341867958395
dang abnormal 6: 0.02025931928687196
defaultdict(<class 'int'>, {0: 45717, 2: 67, 3: 55, 4: 13, 1: 356, 106: 1, 10: 2, 15: 3, 5: 8, 9: 7, 12: 1, 6: 6, 13: 1, 7: 4, 18: 1, 8: 1})
[(1, 1), (2, 3266), (3, 1922), (4, 4372), (5, 13614), (6, 4456), (7, 4635), (8, 4071), (9, 4163), (10, 889), (11, 936), (12, 2159), (13, 455), (14, 335), (15, 176), (16, 295), (17, 195), (18, 43), (19, 38), (20, 24), (21, 26), (22, 22), (23, 11), (24, 11), (25, 4), (26, 11), (27, 7), (28, 6), (29, 4), (30, 4), (31, 4), (32, 11), (33, 1), (35, 4), (36, 5), (37, 2), (38, 4), (40, 12), (41, 5), (42, 1), (43, 1), (45, 1), (46, 1), (47, 2), (48, 1), (49, 1), (51, 4), (52, 1), (54, 1), (56, 2), (57, 1), (60, 1), (64, 1), (67, 1), (68, 3), (69, 1), (71, 1), (72, 1), (76, 1), (77, 1), (83, 4), (85, 1), (86, 2), (106, 1), (108, 1), (116, 1), (125, 1), (142, 1), (162, 1), (168, 2), (1059, 1)]
dang object 4: 0.005708972168760677
dang abnormal 4: 0.03565640194489465
dang object 5: 0.0037627316566831736
dang abnormal 5: 0.023500810372771474
dang object 6: 0.0032437341867958395
dang abnormal 6: 0.02025931928687196
defaultdict(<class 'int'>, {0: 45717, 2: 67, 3: 55, 4: 13, 1: 356, 106: 1, 10: 2, 15: 3, 5: 8, 9: 7, 12: 1, 6: 6, 13: 1, 7: 4, 18: 1, 8: 1})
[(1, 1), (2, 3266), (3, 1922), (4, 4372), (5, 13614), (6, 4456), (7, 4635), (8, 4071), (9, 4163), (10, 889), (11, 936), (12, 2159), (13, 455), (14, 335), (15, 176), (16, 295), (17, 195), (18, 43), (19, 38), (20, 24), (21, 26), (22, 22), (23, 11), (24, 11), (25, 4), (26, 11), (27, 7), (28, 6), (29, 4), (30, 4), (31, 4), (32, 11), (33, 1), (35, 4), (36, 5), (37, 2), (38, 4), (40, 12), (41, 5), (42, 1), (43, 1), (45, 1), (46, 1), (47, 2), (48, 1), (49, 1), (51, 4), (52, 1), (54, 1), (56, 2), (57, 1), (60, 1), (64, 1), (67, 1), (68, 3), (69, 1), (71, 1), (72, 1), (76, 1), (77, 1), (83, 4), (85, 1), (86, 2), (106, 1), (108, 1), (116, 1), (125, 1), (142, 1), (162, 1), (168, 2), (1059, 1)]
dang object 4: 0.005708972168760677
dang abnormal 4: 0.03565640194489465
dang object 5: 0.0037627316566831736
dang abnormal 5: 0.023500810372771474
dang object 6: 0.0032437341867958395
dang abnormal 6: 0.02025931928687196
defaultdict(<class 'int'>, {0: 45717, 2: 67, 3: 55, 4: 13, 1: 356, 106: 1, 10: 2, 15: 3, 5: 8, 9: 7, 12: 1, 6: 6, 13: 1, 7: 4, 18: 1, 8: 1})
[(1, 1), (2, 3266), (3, 1922), (4, 4372), (5, 13614), (6, 4456), (7, 4635), (8, 4071), (9, 4163), (10, 889), (11, 936), (12, 2159), (13, 455), (14, 335), (15, 176), (16, 295), (17, 195), (18, 43), (19, 38), (20, 24), (21, 26), (22, 22), (23, 11), (24, 11), (25, 4), (26, 11), (27, 7), (28, 6), (29, 4), (30, 4), (31, 4), (32, 11), (33, 1), (35, 4), (36, 5), (37, 2), (38, 4), (40, 12), (41, 5), (42, 1), (43, 1), (45, 1), (46, 1), (47, 2), (48, 1), (49, 1), (51, 4), (52, 1), (54, 1), (56, 2), (57, 1), (60, 1), (64, 1), (67, 1), (68, 3), (69, 1), (71, 1), (72, 1), (76, 1), (77, 1), (83, 4), (85, 1), (86, 2), (106, 1), (108, 1), (116, 1), (125, 1), (142, 1), (162, 1), (168, 2), (1059, 1)]
dang object 4: 0.005708972168760677
dang abnormal 4: 0.03565640194489465
dang object 5: 0.0037627316566831736
dang abnormal 5: 0.023500810372771474
dang object 6: 0.0032437341867958395
dang abnormal 6: 0.02025931928687196
defaultdict(<class 'int'>, {0: 45717, 2: 67, 3: 55, 4: 13, 1: 356, 106: 1, 10: 2, 15: 3, 5: 8, 9: 7, 12: 1, 6: 6, 13: 1, 7: 4, 18: 1, 8: 1})
[(1, 1), (2, 3266), (3, 1922), (4, 4372), (5, 13614), (6, 4456), (7, 4635), (8, 4071), (9, 4163), (10, 889), (11, 936), (12, 2159), (13, 455), (14, 335), (15, 176), (16, 295), (17, 195), (18, 43), (19, 38), (20, 24), (21, 26), (22, 22), (23, 11), (24, 11), (25, 4), (26, 11), (27, 7), (28, 6), (29, 4), (30, 4), (31, 4), (32, 11), (33, 1), (35, 4), (36, 5), (37, 2), (38, 4), (40, 12), (41, 5), (42, 1), (43, 1), (45, 1), (46, 1), (47, 2), (48, 1), (49, 1), (51, 4), (52, 1), (54, 1), (56, 2), (57, 1), (60, 1), (64, 1), (67, 1), (68, 3), (69, 1), (71, 1), (72, 1), (76, 1), (77, 1), (83, 4), (85, 1), (86, 2), (106, 1), (108, 1), (116, 1), (125, 1), (142, 1), (162, 1), (168, 2), (1059, 1)]
dang object 4: 0.005708972168760677
dang abnormal 4: 0.03565640194489465
dang object 5: 0.0037627316566831736
dang abnormal 5: 0.023500810372771474
dang object 6: 0.0032437341867958395
dang abnormal 6: 0.02025931928687196
defaultdict(<class 'int'>, {0: 45717, 2: 67, 3: 55, 4: 13, 1: 356, 106: 1, 10: 2, 15: 3, 5: 8, 9: 7, 12: 1, 6: 6, 13: 1, 7: 4, 18: 1, 8: 1})
[(1, 1), (2, 3266), (3, 1922), (4, 4372), (5, 13614), (6, 4456), (7, 4635), (8, 4071), (9, 4163), (10, 889), (11, 936), (12, 2159), (13, 455), (14, 335), (15, 176), (16, 295), (17, 195), (18, 43), (19, 38), (20, 24), (21, 26), (22, 22), (23, 11), (24, 11), (25, 4), (26, 11), (27, 7), (28, 6), (29, 4), (30, 4), (31, 4), (32, 11), (33, 1), (35, 4), (36, 5), (37, 2), (38, 4), (40, 12), (41, 5), (42, 1), (43, 1), (45, 1), (46, 1), (47, 2), (48, 1), (49, 1), (51, 4), (52, 1), (54, 1), (56, 2), (57, 1), (60, 1), (64, 1), (67, 1), (68, 3), (69, 1), (71, 1), (72, 1), (76, 1), (77, 1), (83, 4), (85, 1), (86, 2), (106, 1), (108, 1), (116, 1), (125, 1), (142, 1), (162, 1), (168, 2), (1059, 1)]
dang object 4: 0.005708972168760677
dang abnormal 4: 0.03565640194489465
dang object 5: 0.0037627316566831736
dang abnormal 5: 0.023500810372771474
dang object 6: 0.0032437341867958395
dang abnormal 6: 0.02025931928687196
defaultdict(<class 'int'>, {0: 45717, 2: 67, 3: 55, 4: 13, 1: 356, 106: 1, 10: 2, 15: 3, 5: 8, 9: 7, 12: 1, 6: 6, 13: 1, 7: 4, 18: 1, 8: 1})
[(1, 1), (2, 3266), (3, 1922), (4, 4372), (5, 13614), (6, 4456), (7, 4635), (8, 4071), (9, 4163), (10, 889), (11, 936), (12, 2159), (13, 455), (14, 335), (15, 176), (16, 295), (17, 195), (18, 43), (19, 38), (20, 24), (21, 26), (22, 22), (23, 11), (24, 11), (25, 4), (26, 11), (27, 7), (28, 6), (29, 4), (30, 4), (31, 4), (32, 11), (33, 1), (35, 4), (36, 5), (37, 2), (38, 4), (40, 12), (41, 5), (42, 1), (43, 1), (45, 1), (46, 1), (47, 2), (48, 1), (49, 1), (51, 4), (52, 1), (54, 1), (56, 2), (57, 1), (60, 1), (64, 1), (67, 1), (68, 3), (69, 1), (71, 1), (72, 1), (76, 1), (77, 1), (83, 4), (85, 1), (86, 2), (106, 1), (108, 1), (116, 1), (125, 1), (142, 1), (162, 1), (168, 2), (1059, 1)]
dang object 4: 0.005708972168760677
dang abnormal 4: 0.03565640194489465
dang object 5: 0.0037627316566831736
dang abnormal 5: 0.023500810372771474
dang object 6: 0.0032437341867958395
dang abnormal 6: 0.02025931928687196
defaultdict(<class 'int'>, {0: 45717, 2: 67, 3: 55, 4: 13, 1: 356, 106: 1, 10: 2, 15: 3, 5: 8, 9: 7, 12: 1, 6: 6, 13: 1, 7: 4, 18: 1, 8: 1})
[(1, 1), (2, 3266), (3, 1922), (4, 4372), (5, 13614), (6, 4456), (7, 4635), (8, 4071), (9, 4163), (10, 889), (11, 936), (12, 2159), (13, 455), (14, 335), (15, 176), (16, 295), (17, 195), (18, 43), (19, 38), (20, 24), (21, 26), (22, 22), (23, 11), (24, 11), (25, 4), (26, 11), (27, 7), (28, 6), (29, 4), (30, 4), (31, 4), (32, 11), (33, 1), (35, 4), (36, 5), (37, 2), (38, 4), (40, 12), (41, 5), (42, 1), (43, 1), (45, 1), (46, 1), (47, 2), (48, 1), (49, 1), (51, 4), (52, 1), (54, 1), (56, 2), (57, 1), (60, 1), (64, 1), (67, 1), (68, 3), (69, 1), (71, 1), (72, 1), (76, 1), (77, 1), (83, 4), (85, 1), (86, 2), (106, 1), (108, 1), (116, 1), (125, 1), (142, 1), (162, 1), (168, 2), (1059, 1)]
dang object 4: 0.005708972168760677
dang abnormal 4: 0.03565640194489465
dang object 5: 0.0037627316566831736
dang abnormal 5: 0.023500810372771474
dang object 6: 0.0032437341867958395
dang abnormal 6: 0.02025931928687196
defaultdict(<class 'int'>, {0: 45717, 2: 67, 3: 55, 4: 13, 1: 356, 106: 1, 10: 2, 15: 3, 5: 8, 9: 7, 12: 1, 6: 6, 13: 1, 7: 4, 18: 1, 8: 1})
[(1, 1), (2, 3266), (3, 1922), (4, 4372), (5, 13614), (6, 4456), (7, 4635), (8, 4071), (9, 4163), (10, 889), (11, 936), (12, 2159), (13, 455), (14, 335), (15, 176), (16, 295), (17, 195), (18, 43), (19, 38), (20, 24), (21, 26), (22, 22), (23, 11), (24, 11), (25, 4), (26, 11), (27, 7), (28, 6), (29, 4), (30, 4), (31, 4), (32, 11), (33, 1), (35, 4), (36, 5), (37, 2), (38, 4), (40, 12), (41, 5), (42, 1), (43, 1), (45, 1), (46, 1), (47, 2), (48, 1), (49, 1), (51, 4), (52, 1), (54, 1), (56, 2), (57, 1), (60, 1), (64, 1), (67, 1), (68, 3), (69, 1), (71, 1), (72, 1), (76, 1), (77, 1), (83, 4), (85, 1), (86, 2), (106, 1), (108, 1), (116, 1), (125, 1), (142, 1), (162, 1), (168, 2), (1059, 1)]
dang object 4: 0.005708972168760677
dang abnormal 4: 0.03565640194489465
dang object 5: 0.0037627316566831736
dang abnormal 5: 0.023500810372771474
dang object 6: 0.0032437341867958395
dang abnormal 6: 0.02025931928687196
defaultdict(<class 'int'>, {0: 45717, 2: 67, 3: 55, 4: 13, 1: 356, 106: 1, 10: 2, 15: 3, 5: 8, 9: 7, 12: 1, 6: 6, 13: 1, 7: 4, 18: 1, 8: 1})
[(1, 1), (2, 3266), (3, 1922), (4, 4372), (5, 13614), (6, 4456), (7, 4635), (8, 4071), (9, 4163), (10, 889), (11, 936), (12, 2159), (13, 455), (14, 335), (15, 176), (16, 295), (17, 195), (18, 43), (19, 38), (20, 24), (21, 26), (22, 22), (23, 11), (24, 11), (25, 4), (26, 11), (27, 7), (28, 6), (29, 4), (30, 4), (31, 4), (32, 11), (33, 1), (35, 4), (36, 5), (37, 2), (38, 4), (40, 12), (41, 5), (42, 1), (43, 1), (45, 1), (46, 1), (47, 2), (48, 1), (49, 1), (51, 4), (52, 1), (54, 1), (56, 2), (57, 1), (60, 1), (64, 1), (67, 1), (68, 3), (69, 1), (71, 1), (72, 1), (76, 1), (77, 1), (83, 4), (85, 1), (86, 2), (106, 1), (108, 1), (116, 1), (125, 1), (142, 1), (162, 1), (168, 2), (1059, 1)]
dang object 4: 0.005708972168760677
dang abnormal 4: 0.03565640194489465
dang object 5: 0.0037627316566831736
dang abnormal 5: 0.023500810372771474
dang object 6: 0.0032437341867958395
dang abnormal 6: 0.02025931928687196
defaultdict(<class 'int'>, {0: 45717, 2: 67, 3: 55, 4: 13, 1: 356, 106: 1, 10: 2, 15: 3, 5: 8, 9: 7, 12: 1, 6: 6, 13: 1, 7: 4, 18: 1, 8: 1})
[(1, 1), (2, 3266), (3, 1922), (4, 4372), (5, 13614), (6, 4456), (7, 4635), (8, 4071), (9, 4163), (10, 889), (11, 936), (12, 2159), (13, 455), (14, 335), (15, 176), (16, 295), (17, 195), (18, 43), (19, 38), (20, 24), (21, 26), (22, 22), (23, 11), (24, 11), (25, 4), (26, 11), (27, 7), (28, 6), (29, 4), (30, 4), (31, 4), (32, 11), (33, 1), (35, 4), (36, 5), (37, 2), (38, 4), (40, 12), (41, 5), (42, 1), (43, 1), (45, 1), (46, 1), (47, 2), (48, 1), (49, 1), (51, 4), (52, 1), (54, 1), (56, 2), (57, 1), (60, 1), (64, 1), (67, 1), (68, 3), (69, 1), (71, 1), (72, 1), (76, 1), (77, 1), (83, 4), (85, 1), (86, 2), (106, 1), (108, 1), (116, 1), (125, 1), (142, 1), (162, 1), (168, 2), (1059, 1)]
dang object 4: 0.005708972168760677
dang abnormal 4: 0.03565640194489465
dang object 5: 0.0037627316566831736
dang abnormal 5: 0.023500810372771474
dang object 6: 0.0032437341867958395
dang abnormal 6: 0.02025931928687196
defaultdict(<class 'int'>, {0: 45717, 2: 67, 3: 55, 4: 13, 1: 356, 106: 1, 10: 2, 15: 3, 5: 8, 9: 7, 12: 1, 6: 6, 13: 1, 7: 4, 18: 1, 8: 1})
[(1, 1), (2, 3266), (3, 1922), (4, 4372), (5, 13614), (6, 4456), (7, 4635), (8, 4071), (9, 4163), (10, 889), (11, 936), (12, 2159), (13, 455), (14, 335), (15, 176), (16, 295), (17, 195), (18, 43), (19, 38), (20, 24), (21, 26), (22, 22), (23, 11), (24, 11), (25, 4), (26, 11), (27, 7), (28, 6), (29, 4), (30, 4), (31, 4), (32, 11), (33, 1), (35, 4), (36, 5), (37, 2), (38, 4), (40, 12), (41, 5), (42, 1), (43, 1), (45, 1), (46, 1), (47, 2), (48, 1), (49, 1), (51, 4), (52, 1), (54, 1), (56, 2), (57, 1), (60, 1), (64, 1), (67, 1), (68, 3), (69, 1), (71, 1), (72, 1), (76, 1), (77, 1), (83, 4), (85, 1), (86, 2), (106, 1), (108, 1), (116, 1), (125, 1), (142, 1), (162, 1), (168, 2), (1059, 1)]
dang object 4: 0.005708972168760677
dang abnormal 4: 0.03565640194489465
dang object 5: 0.0037627316566831736
dang abnormal 5: 0.023500810372771474
dang object 6: 0.0032437341867958395
dang abnormal 6: 0.02025931928687196
defaultdict(<class 'int'>, {0: 45717, 2: 67, 3: 55, 4: 13, 1: 356, 106: 1, 10: 2, 15: 3, 5: 8, 9: 7, 12: 1, 6: 6, 13: 1, 7: 4, 18: 1, 8: 1})
[(1, 1), (2, 3266), (3, 1922), (4, 4372), (5, 13614), (6, 4456), (7, 4635), (8, 4071), (9, 4163), (10, 889), (11, 936), (12, 2159), (13, 455), (14, 335), (15, 176), (16, 295), (17, 195), (18, 43), (19, 38), (20, 24), (21, 26), (22, 22), (23, 11), (24, 11), (25, 4), (26, 11), (27, 7), (28, 6), (29, 4), (30, 4), (31, 4), (32, 11), (33, 1), (35, 4), (36, 5), (37, 2), (38, 4), (40, 12), (41, 5), (42, 1), (43, 1), (45, 1), (46, 1), (47, 2), (48, 1), (49, 1), (51, 4), (52, 1), (54, 1), (56, 2), (57, 1), (60, 1), (64, 1), (67, 1), (68, 3), (69, 1), (71, 1), (72, 1), (76, 1), (77, 1), (83, 4), (85, 1), (86, 2), (106, 1), (108, 1), (116, 1), (125, 1), (142, 1), (162, 1), (168, 2), (1059, 1)]
dang object 4: 0.005708972168760677
dang abnormal 4: 0.03565640194489465
dang object 5: 0.0037627316566831736
dang abnormal 5: 0.023500810372771474
dang object 6: 0.0032437341867958395
dang abnormal 6: 0.02025931928687196
defaultdict(<class 'int'>, {0: 45717, 2: 67, 3: 55, 4: 13, 1: 356, 106: 1, 10: 2, 15: 3, 5: 8, 9: 7, 12: 1, 6: 6, 13: 1, 7: 4, 18: 1, 8: 1})
[(1, 1), (2, 3266), (3, 1922), (4, 4372), (5, 13614), (6, 4456), (7, 4635), (8, 4071), (9, 4163), (10, 889), (11, 936), (12, 2159), (13, 455), (14, 335), (15, 176), (16, 295), (17, 195), (18, 43), (19, 38), (20, 24), (21, 26), (22, 22), (23, 11), (24, 11), (25, 4), (26, 11), (27, 7), (28, 6), (29, 4), (30, 4), (31, 4), (32, 11), (33, 1), (35, 4), (36, 5), (37, 2), (38, 4), (40, 12), (41, 5), (42, 1), (43, 1), (45, 1), (46, 1), (47, 2), (48, 1), (49, 1), (51, 4), (52, 1), (54, 1), (56, 2), (57, 1), (60, 1), (64, 1), (67, 1), (68, 3), (69, 1), (71, 1), (72, 1), (76, 1), (77, 1), (83, 4), (85, 1), (86, 2), (106, 1), (108, 1), (116, 1), (125, 1), (142, 1), (162, 1), (168, 2), (1059, 1)]
dang object 4: 0.005708972168760677
dang abnormal 4: 0.03565640194489465
dang object 5: 0.0037627316566831736
dang abnormal 5: 0.023500810372771474
dang object 6: 0.0032437341867958395
dang abnormal 6: 0.02025931928687196
defaultdict(<class 'int'>, {0: 45717, 2: 67, 3: 55, 4: 13, 1: 356, 106: 1, 10: 2, 15: 3, 5: 8, 9: 7, 12: 1, 6: 6, 13: 1, 7: 4, 18: 1, 8: 1})
[(1, 1), (2, 3266), (3, 1922), (4, 4372), (5, 13614), (6, 4456), (7, 4635), (8, 4071), (9, 4163), (10, 889), (11, 936), (12, 2159), (13, 455), (14, 335), (15, 176), (16, 295), (17, 195), (18, 43), (19, 38), (20, 24), (21, 26), (22, 22), (23, 11), (24, 11), (25, 4), (26, 11), (27, 7), (28, 6), (29, 4), (30, 4), (31, 4), (32, 11), (33, 1), (35, 4), (36, 5), (37, 2), (38, 4), (40, 12), (41, 5), (42, 1), (43, 1), (45, 1), (46, 1), (47, 2), (48, 1), (49, 1), (51, 4), (52, 1), (54, 1), (56, 2), (57, 1), (60, 1), (64, 1), (67, 1), (68, 3), (69, 1), (71, 1), (72, 1), (76, 1), (77, 1), (83, 4), (85, 1), (86, 2), (106, 1), (108, 1), (116, 1), (125, 1), (142, 1), (162, 1), (168, 2), (1059, 1)]
dang object 4: 0.005708972168760677
dang abnormal 4: 0.03565640194489465
dang object 5: 0.0037627316566831736
dang abnormal 5: 0.023500810372771474
dang object 6: 0.0032437341867958395
dang abnormal 6: 0.02025931928687196
defaultdict(<class 'int'>, {0: 45717, 2: 67, 3: 55, 4: 13, 1: 356, 106: 1, 10: 2, 15: 3, 5: 8, 9: 7, 12: 1, 6: 6, 13: 1, 7: 4, 18: 1, 8: 1})
[(1, 1), (2, 3266), (3, 1922), (4, 4372), (5, 13614), (6, 4456), (7, 4635), (8, 4071), (9, 4163), (10, 889), (11, 936), (12, 2159), (13, 455), (14, 335), (15, 176), (16, 295), (17, 195), (18, 43), (19, 38), (20, 24), (21, 26), (22, 22), (23, 11), (24, 11), (25, 4), (26, 11), (27, 7), (28, 6), (29, 4), (30, 4), (31, 4), (32, 11), (33, 1), (35, 4), (36, 5), (37, 2), (38, 4), (40, 12), (41, 5), (42, 1), (43, 1), (45, 1), (46, 1), (47, 2), (48, 1), (49, 1), (51, 4), (52, 1), (54, 1), (56, 2), (57, 1), (60, 1), (64, 1), (67, 1), (68, 3), (69, 1), (71, 1), (72, 1), (76, 1), (77, 1), (83, 4), (85, 1), (86, 2), (106, 1), (108, 1), (116, 1), (125, 1), (142, 1), (162, 1), (168, 2), (1059, 1)]
dang object 4: 0.005708972168760677
dang abnormal 4: 0.03565640194489465
dang object 5: 0.0037627316566831736
dang abnormal 5: 0.023500810372771474
dang object 6: 0.0032437341867958395
dang abnormal 6: 0.02025931928687196
defaultdict(<class 'int'>, {0: 45717, 2: 67, 3: 55, 4: 13, 1: 356, 106: 1, 10: 2, 15: 3, 5: 8, 9: 7, 12: 1, 6: 6, 13: 1, 7: 4, 18: 1, 8: 1})
[(1, 1), (2, 3266), (3, 1922), (4, 4372), (5, 13614), (6, 4456), (7, 4635), (8, 4071), (9, 4163), (10, 889), (11, 936), (12, 2159), (13, 455), (14, 335), (15, 176), (16, 295), (17, 195), (18, 43), (19, 38), (20, 24), (21, 26), (22, 22), (23, 11), (24, 11), (25, 4), (26, 11), (27, 7), (28, 6), (29, 4), (30, 4), (31, 4), (32, 11), (33, 1), (35, 4), (36, 5), (37, 2), (38, 4), (40, 12), (41, 5), (42, 1), (43, 1), (45, 1), (46, 1), (47, 2), (48, 1), (49, 1), (51, 4), (52, 1), (54, 1), (56, 2), (57, 1), (60, 1), (64, 1), (67, 1), (68, 3), (69, 1), (71, 1), (72, 1), (76, 1), (77, 1), (83, 4), (85, 1), (86, 2), (106, 1), (108, 1), (116, 1), (125, 1), (142, 1), (162, 1), (168, 2), (1059, 1)]
dang object 4: 0.005708972168760677
dang abnormal 4: 0.03565640194489465
dang object 5: 0.0037627316566831736
dang abnormal 5: 0.023500810372771474
dang object 6: 0.0032437341867958395
dang abnormal 6: 0.02025931928687196
defaultdict(<class 'int'>, {0: 45717, 2: 67, 3: 55, 4: 13, 1: 356, 106: 1, 10: 2, 15: 3, 5: 8, 9: 7, 12: 1, 6: 6, 13: 1, 7: 4, 18: 1, 8: 1})
[(1, 1), (2, 3266), (3, 1922), (4, 4372), (5, 13614), (6, 4456), (7, 4635), (8, 4071), (9, 4163), (10, 889), (11, 936), (12, 2159), (13, 455), (14, 335), (15, 176), (16, 295), (17, 195), (18, 43), (19, 38), (20, 24), (21, 26), (22, 22), (23, 11), (24, 11), (25, 4), (26, 11), (27, 7), (28, 6), (29, 4), (30, 4), (31, 4), (32, 11), (33, 1), (35, 4), (36, 5), (37, 2), (38, 4), (40, 12), (41, 5), (42, 1), (43, 1), (45, 1), (46, 1), (47, 2), (48, 1), (49, 1), (51, 4), (52, 1), (54, 1), (56, 2), (57, 1), (60, 1), (64, 1), (67, 1), (68, 3), (69, 1), (71, 1), (72, 1), (76, 1), (77, 1), (83, 4), (85, 1), (86, 2), (106, 1), (108, 1), (116, 1), (125, 1), (142, 1), (162, 1), (168, 2), (1059, 1)]
dang object 4: 0.005708972168760677
dang abnormal 4: 0.03565640194489465
dang object 5: 0.0037627316566831736
dang abnormal 5: 0.023500810372771474
dang object 6: 0.0032437341867958395
dang abnormal 6: 0.02025931928687196
defaultdict(<class 'int'>, {0: 45717, 2: 67, 3: 55, 4: 13, 1: 356, 106: 1, 10: 2, 15: 3, 5: 8, 9: 7, 12: 1, 6: 6, 13: 1, 7: 4, 18: 1, 8: 1})
[(1, 1), (2, 3266), (3, 1922), (4, 4372), (5, 13614), (6, 4456), (7, 4635), (8, 4071), (9, 4163), (10, 889), (11, 936), (12, 2159), (13, 455), (14, 335), (15, 176), (16, 295), (17, 195), (18, 43), (19, 38), (20, 24), (21, 26), (22, 22), (23, 11), (24, 11), (25, 4), (26, 11), (27, 7), (28, 6), (29, 4), (30, 4), (31, 4), (32, 11), (33, 1), (35, 4), (36, 5), (37, 2), (38, 4), (40, 12), (41, 5), (42, 1), (43, 1), (45, 1), (46, 1), (47, 2), (48, 1), (49, 1), (51, 4), (52, 1), (54, 1), (56, 2), (57, 1), (60, 1), (64, 1), (67, 1), (68, 3), (69, 1), (71, 1), (72, 1), (76, 1), (77, 1), (83, 4), (85, 1), (86, 2), (106, 1), (108, 1), (116, 1), (125, 1), (142, 1), (162, 1), (168, 2), (1059, 1)]
dang object 4: 0.005708972168760677
dang abnormal 4: 0.03565640194489465
dang object 5: 0.0037627316566831736
dang abnormal 5: 0.023500810372771474
dang object 6: 0.0032437341867958395
dang abnormal 6: 0.02025931928687196
defaultdict(<class 'int'>, {0: 785, 2: 18, 3: 37, 4: 9, 1: 126, 106: 1, 10: 2, 15: 3, 5: 5, 9: 7, 12: 1, 6: 3, 13: 1, 7: 1, 18: 1})
[(2, 59), (3, 41), (4, 114), (5, 69), (6, 149), (7, 98), (8, 105), (9, 78), (10, 31), (11, 48), (12, 32), (13, 42), (14, 15), (15, 19), (16, 5), (17, 32), (18, 5), (19, 8), (20, 4), (21, 5), (22, 1), (23, 8), (24, 4), (26, 2), (27, 2), (28, 1), (29, 2), (33, 1), (35, 1), (41, 4), (45, 1), (46, 1), (51, 2), (54, 1), (56, 2), (60, 1), (68, 1), (69, 1), (72, 1), (76, 1), (86, 1), (142, 1), (1059, 1)]
dang object 4: 4.324978915727786e-05
dang abnormal 4: 0.015037593984962405
dang object 5: 4.324978915727786e-05
dang abnormal 5: 0.015037593984962405
dang object 6: 4.324978915727786e-05
dang abnormal 6: 0.015037593984962405
defaultdict(<class 'int'>, {0: 785, 2: 18, 3: 37, 4: 9, 1: 126, 106: 1, 10: 2, 15: 3, 5: 5, 9: 7, 12: 1, 6: 3, 13: 1, 7: 1, 18: 1})
[(2, 59), (3, 41), (4, 114), (5, 69), (6, 149), (7, 98), (8, 105), (9, 78), (10, 31), (11, 48), (12, 32), (13, 42), (14, 15), (15, 19), (16, 5), (17, 32), (18, 5), (19, 8), (20, 4), (21, 5), (22, 1), (23, 8), (24, 4), (26, 2), (27, 2), (28, 1), (29, 2), (33, 1), (35, 1), (41, 4), (45, 1), (46, 1), (51, 2), (54, 1), (56, 2), (60, 1), (68, 1), (69, 1), (72, 1), (76, 1), (86, 1), (142, 1), (1059, 1)]
dang object 4: 4.324978915727786e-05
dang abnormal 4: 0.015037593984962405
dang object 5: 4.324978915727786e-05
dang abnormal 5: 0.015037593984962405
dang object 6: 4.324978915727786e-05
dang abnormal 6: 0.015037593984962405
defaultdict(<class 'int'>, {0: 45717, 2: 67, 3: 55, 4: 13, 1: 356, 106: 1, 10: 2, 15: 3, 5: 8, 9: 7, 12: 1, 6: 6, 13: 1, 7: 4, 18: 1, 8: 1})
[(1, 1), (2, 3266), (3, 1922), (4, 4372), (5, 13614), (6, 4456), (7, 4635), (8, 4071), (9, 4163), (10, 889), (11, 936), (12, 2159), (13, 455), (14, 335), (15, 176), (16, 295), (17, 195), (18, 43), (19, 38), (20, 24), (21, 26), (22, 22), (23, 11), (24, 11), (25, 4), (26, 11), (27, 7), (28, 6), (29, 4), (30, 4), (31, 4), (32, 11), (33, 1), (35, 4), (36, 5), (37, 2), (38, 4), (40, 12), (41, 5), (42, 1), (43, 1), (45, 1), (46, 1), (47, 2), (48, 1), (49, 1), (51, 4), (52, 1), (54, 1), (56, 2), (57, 1), (60, 1), (64, 1), (67, 1), (68, 3), (69, 1), (71, 1), (72, 1), (76, 1), (77, 1), (83, 4), (85, 1), (86, 2), (106, 1), (108, 1), (116, 1), (125, 1), (142, 1), (162, 1), (168, 2), (1059, 1)]
dang object 4: 0.005708972168760677
dang abnormal 4: 0.03565640194489465
dang object 5: 0.0037627316566831736
dang abnormal 5: 0.023500810372771474
dang object 6: 0.0032437341867958395
dang abnormal 6: 0.02025931928687196
defaultdict(<class 'int'>, {0: 45717, 2: 67, 3: 55, 4: 13, 1: 356, 106: 1, 10: 2, 15: 3, 5: 8, 9: 7, 12: 1, 6: 6, 13: 1, 7: 4, 18: 1, 8: 1})
[(1, 1), (2, 3266), (3, 1922), (4, 4372), (5, 13614), (6, 4456), (7, 4635), (8, 4071), (9, 4163), (10, 889), (11, 936), (12, 2159), (13, 455), (14, 335), (15, 176), (16, 295), (17, 195), (18, 43), (19, 38), (20, 24), (21, 26), (22, 22), (23, 11), (24, 11), (25, 4), (26, 11), (27, 7), (28, 6), (29, 4), (30, 4), (31, 4), (32, 11), (33, 1), (35, 4), (36, 5), (37, 2), (38, 4), (40, 12), (41, 5), (42, 1), (43, 1), (45, 1), (46, 1), (47, 2), (48, 1), (49, 1), (51, 4), (52, 1), (54, 1), (56, 2), (57, 1), (60, 1), (64, 1), (67, 1), (68, 3), (69, 1), (71, 1), (72, 1), (76, 1), (77, 1), (83, 4), (85, 1), (86, 2), (106, 1), (108, 1), (116, 1), (125, 1), (142, 1), (162, 1), (168, 2), (1059, 1)]
dang object 4: 0.005708972168760677
dang abnormal 4: 0.03565640194489465
dang object 5: 0.0037627316566831736
dang abnormal 5: 0.023500810372771474
dang object 6: 0.0032437341867958395
dang abnormal 6: 0.02025931928687196
defaultdict(<class 'int'>, {0: 45717, 2: 67, 3: 55, 4: 13, 1: 356, 106: 1, 10: 2, 15: 3, 5: 8, 9: 7, 12: 1, 6: 6, 13: 1, 7: 4, 18: 1, 8: 1})
[(1, 1), (2, 3266), (3, 1922), (4, 4372), (5, 13614), (6, 4456), (7, 4635), (8, 4071), (9, 4163), (10, 889), (11, 936), (12, 2159), (13, 455), (14, 335), (15, 176), (16, 295), (17, 195), (18, 43), (19, 38), (20, 24), (21, 26), (22, 22), (23, 11), (24, 11), (25, 4), (26, 11), (27, 7), (28, 6), (29, 4), (30, 4), (31, 4), (32, 11), (33, 1), (35, 4), (36, 5), (37, 2), (38, 4), (40, 12), (41, 5), (42, 1), (43, 1), (45, 1), (46, 1), (47, 2), (48, 1), (49, 1), (51, 4), (52, 1), (54, 1), (56, 2), (57, 1), (60, 1), (64, 1), (67, 1), (68, 3), (69, 1), (71, 1), (72, 1), (76, 1), (77, 1), (83, 4), (85, 1), (86, 2), (106, 1), (108, 1), (116, 1), (125, 1), (142, 1), (162, 1), (168, 2), (1059, 1)]
dang object 4: 0.005708972168760677
dang abnormal 4: 0.03565640194489465
dang object 5: 0.0037627316566831736
dang abnormal 5: 0.023500810372771474
dang object 6: 0.0032437341867958395
dang abnormal 6: 0.02025931928687196
defaultdict(<class 'int'>, {0: 45717, 2: 67, 3: 55, 4: 13, 1: 356, 106: 1, 10: 2, 15: 3, 5: 8, 9: 7, 12: 1, 6: 6, 13: 1, 7: 4, 18: 1, 8: 1})
[(1, 1), (2, 3266), (3, 1922), (4, 4372), (5, 13614), (6, 4456), (7, 4635), (8, 4071), (9, 4163), (10, 889), (11, 936), (12, 2159), (13, 455), (14, 335), (15, 176), (16, 295), (17, 195), (18, 43), (19, 38), (20, 24), (21, 26), (22, 22), (23, 11), (24, 11), (25, 4), (26, 11), (27, 7), (28, 6), (29, 4), (30, 4), (31, 4), (32, 11), (33, 1), (35, 4), (36, 5), (37, 2), (38, 4), (40, 12), (41, 5), (42, 1), (43, 1), (45, 1), (46, 1), (47, 2), (48, 1), (49, 1), (51, 4), (52, 1), (54, 1), (56, 2), (57, 1), (60, 1), (64, 1), (67, 1), (68, 3), (69, 1), (71, 1), (72, 1), (76, 1), (77, 1), (83, 4), (85, 1), (86, 2), (106, 1), (108, 1), (116, 1), (125, 1), (142, 1), (162, 1), (168, 2), (1059, 1)]
dang object 4: 0.005708972168760677
dang abnormal 4: 0.03565640194489465
dang object 5: 0.0037627316566831736
dang abnormal 5: 0.023500810372771474
dang object 6: 0.0032437341867958395
dang abnormal 6: 0.02025931928687196
defaultdict(<class 'int'>, {0: 45717, 2: 67, 3: 55, 4: 13, 1: 356, 106: 1, 10: 2, 15: 3, 5: 8, 9: 7, 12: 1, 6: 6, 13: 1, 7: 4, 18: 1, 8: 1})
[(1, 1), (2, 3266), (3, 1922), (4, 4372), (5, 13614), (6, 4456), (7, 4635), (8, 4071), (9, 4163), (10, 889), (11, 936), (12, 2159), (13, 455), (14, 335), (15, 176), (16, 295), (17, 195), (18, 43), (19, 38), (20, 24), (21, 26), (22, 22), (23, 11), (24, 11), (25, 4), (26, 11), (27, 7), (28, 6), (29, 4), (30, 4), (31, 4), (32, 11), (33, 1), (35, 4), (36, 5), (37, 2), (38, 4), (40, 12), (41, 5), (42, 1), (43, 1), (45, 1), (46, 1), (47, 2), (48, 1), (49, 1), (51, 4), (52, 1), (54, 1), (56, 2), (57, 1), (60, 1), (64, 1), (67, 1), (68, 3), (69, 1), (71, 1), (72, 1), (76, 1), (77, 1), (83, 4), (85, 1), (86, 2), (106, 1), (108, 1), (116, 1), (125, 1), (142, 1), (162, 1), (168, 2), (1059, 1)]
dang object 4: 0.005708972168760677
dang abnormal 4: 0.03565640194489465
dang object 5: 0.0037627316566831736
dang abnormal 5: 0.023500810372771474
dang object 6: 0.0032437341867958395
dang abnormal 6: 0.02025931928687196
defaultdict(<class 'int'>, {0: 45717, 2: 67, 3: 55, 4: 13, 1: 356, 106: 1, 10: 2, 15: 3, 5: 8, 9: 7, 12: 1, 6: 6, 13: 1, 7: 4, 18: 1, 8: 1})
[(1, 1), (2, 3266), (3, 1922), (4, 4372), (5, 13614), (6, 4456), (7, 4635), (8, 4071), (9, 4163), (10, 889), (11, 936), (12, 2159), (13, 455), (14, 335), (15, 176), (16, 295), (17, 195), (18, 43), (19, 38), (20, 24), (21, 26), (22, 22), (23, 11), (24, 11), (25, 4), (26, 11), (27, 7), (28, 6), (29, 4), (30, 4), (31, 4), (32, 11), (33, 1), (35, 4), (36, 5), (37, 2), (38, 4), (40, 12), (41, 5), (42, 1), (43, 1), (45, 1), (46, 1), (47, 2), (48, 1), (49, 1), (51, 4), (52, 1), (54, 1), (56, 2), (57, 1), (60, 1), (64, 1), (67, 1), (68, 3), (69, 1), (71, 1), (72, 1), (76, 1), (77, 1), (83, 4), (85, 1), (86, 2), (106, 1), (108, 1), (116, 1), (125, 1), (142, 1), (162, 1), (168, 2), (1059, 1)]
dang object 4: 0.005708972168760677
dang abnormal 4: 0.03565640194489465
dang object 5: 0.0037627316566831736
dang abnormal 5: 0.023500810372771474
dang object 6: 0.0032437341867958395
dang abnormal 6: 0.02025931928687196
defaultdict(<class 'int'>, {0: 45717, 2: 67, 3: 55, 4: 13, 1: 356, 106: 1, 10: 2, 15: 3, 5: 8, 9: 7, 12: 1, 6: 6, 13: 1, 7: 4, 18: 1, 8: 1})
[(1, 1), (2, 3266), (3, 1922), (4, 4372), (5, 13614), (6, 4456), (7, 4635), (8, 4071), (9, 4163), (10, 889), (11, 936), (12, 2159), (13, 455), (14, 335), (15, 176), (16, 295), (17, 195), (18, 43), (19, 38), (20, 24), (21, 26), (22, 22), (23, 11), (24, 11), (25, 4), (26, 11), (27, 7), (28, 6), (29, 4), (30, 4), (31, 4), (32, 11), (33, 1), (35, 4), (36, 5), (37, 2), (38, 4), (40, 12), (41, 5), (42, 1), (43, 1), (45, 1), (46, 1), (47, 2), (48, 1), (49, 1), (51, 4), (52, 1), (54, 1), (56, 2), (57, 1), (60, 1), (64, 1), (67, 1), (68, 3), (69, 1), (71, 1), (72, 1), (76, 1), (77, 1), (83, 4), (85, 1), (86, 2), (106, 1), (108, 1), (116, 1), (125, 1), (142, 1), (162, 1), (168, 2), (1059, 1)]
dang object 4: 0.005708972168760677
dang abnormal 4: 0.03565640194489465
dang object 5: 0.0037627316566831736
dang abnormal 5: 0.023500810372771474
dang object 6: 0.0032437341867958395
dang abnormal 6: 0.02025931928687196
defaultdict(<class 'int'>, {0: 45717, 2: 67, 3: 55, 4: 13, 1: 356, 106: 1, 10: 2, 15: 3, 5: 8, 9: 7, 12: 1, 6: 6, 13: 1, 7: 4, 18: 1, 8: 1})
[(1, 1), (2, 3266), (3, 1922), (4, 4372), (5, 13614), (6, 4456), (7, 4635), (8, 4071), (9, 4163), (10, 889), (11, 936), (12, 2159), (13, 455), (14, 335), (15, 176), (16, 295), (17, 195), (18, 43), (19, 38), (20, 24), (21, 26), (22, 22), (23, 11), (24, 11), (25, 4), (26, 11), (27, 7), (28, 6), (29, 4), (30, 4), (31, 4), (32, 11), (33, 1), (35, 4), (36, 5), (37, 2), (38, 4), (40, 12), (41, 5), (42, 1), (43, 1), (45, 1), (46, 1), (47, 2), (48, 1), (49, 1), (51, 4), (52, 1), (54, 1), (56, 2), (57, 1), (60, 1), (64, 1), (67, 1), (68, 3), (69, 1), (71, 1), (72, 1), (76, 1), (77, 1), (83, 4), (85, 1), (86, 2), (106, 1), (108, 1), (116, 1), (125, 1), (142, 1), (162, 1), (168, 2), (1059, 1)]
dang object 4: 0.005708972168760677
dang abnormal 4: 0.03565640194489465
dang object 5: 0.0037627316566831736
dang abnormal 5: 0.023500810372771474
dang object 6: 0.0032437341867958395
dang abnormal 6: 0.02025931928687196
defaultdict(<class 'int'>, {0: 45717, 2: 67, 3: 55, 4: 13, 1: 356, 106: 1, 10: 2, 15: 3, 5: 8, 9: 7, 12: 1, 6: 6, 13: 1, 7: 4, 18: 1, 8: 1})
[(1, 1), (2, 3266), (3, 1922), (4, 4372), (5, 13614), (6, 4456), (7, 4635), (8, 4071), (9, 4163), (10, 889), (11, 936), (12, 2159), (13, 455), (14, 335), (15, 176), (16, 295), (17, 195), (18, 43), (19, 38), (20, 24), (21, 26), (22, 22), (23, 11), (24, 11), (25, 4), (26, 11), (27, 7), (28, 6), (29, 4), (30, 4), (31, 4), (32, 11), (33, 1), (35, 4), (36, 5), (37, 2), (38, 4), (40, 12), (41, 5), (42, 1), (43, 1), (45, 1), (46, 1), (47, 2), (48, 1), (49, 1), (51, 4), (52, 1), (54, 1), (56, 2), (57, 1), (60, 1), (64, 1), (67, 1), (68, 3), (69, 1), (71, 1), (72, 1), (76, 1), (77, 1), (83, 4), (85, 1), (86, 2), (106, 1), (108, 1), (116, 1), (125, 1), (142, 1), (162, 1), (168, 2), (1059, 1)]
dang object 4: 0.005708972168760677
dang abnormal 4: 0.03565640194489465
dang object 5: 0.0037627316566831736
dang abnormal 5: 0.023500810372771474
dang object 6: 0.0032437341867958395
dang abnormal 6: 0.02025931928687196
defaultdict(<class 'int'>, {0: 44933, 1: 230, 5: 3, 7: 3, 2: 49, 4: 4, 6: 3, 3: 18, 8: 1})
[(1, 1), (2, 3207), (3, 1881), (4, 4258), (5, 13545), (6, 4307), (7, 4537), (8, 3967), (9, 4085), (10, 858), (11, 888), (12, 2127), (13, 413), (14, 320), (15, 157), (16, 290), (17, 163), (18, 38), (19, 30), (20, 20), (21, 21), (22, 21), (23, 3), (24, 7), (25, 4), (26, 9), (27, 5), (28, 5), (29, 2), (30, 4), (31, 4), (32, 11), (35, 3), (36, 5), (37, 2), (38, 4), (40, 12), (41, 1), (42, 1), (43, 1), (47, 2), (48, 1), (49, 1), (51, 2), (52, 1), (57, 1), (64, 1), (67, 1), (68, 2), (71, 1), (77, 1), (83, 4), (85, 1), (86, 1), (106, 1), (108, 1), (116, 1), (125, 1), (162, 1), (168, 2)]
dang object 4: 0.0056657223796034
dang abnormal 4: 0.03603355797001788
dang object 5: 0.003719481867525896
dang abnormal 5: 0.023655618209324714
dang object 6: 0.0032004843976385614
dang abnormal 6: 0.02035483427313987
defaultdict(<class 'int'>, {0: 44933, 1: 230, 5: 3, 7: 3, 2: 49, 4: 4, 6: 3, 3: 18, 8: 1})
[(1, 1), (2, 3207), (3, 1881), (4, 4258), (5, 13545), (6, 4307), (7, 4537), (8, 3967), (9, 4085), (10, 858), (11, 888), (12, 2127), (13, 413), (14, 320), (15, 157), (16, 290), (17, 163), (18, 38), (19, 30), (20, 20), (21, 21), (22, 21), (23, 3), (24, 7), (25, 4), (26, 9), (27, 5), (28, 5), (29, 2), (30, 4), (31, 4), (32, 11), (35, 3), (36, 5), (37, 2), (38, 4), (40, 12), (41, 1), (42, 1), (43, 1), (47, 2), (48, 1), (49, 1), (51, 2), (52, 1), (57, 1), (64, 1), (67, 1), (68, 2), (71, 1), (77, 1), (83, 4), (85, 1), (86, 1), (106, 1), (108, 1), (116, 1), (125, 1), (162, 1), (168, 2)]
dang object 4: 0.0056657223796034
dang abnormal 4: 0.03603355797001788
dang object 5: 0.003719481867525896
dang abnormal 5: 0.023655618209324714
dang object 6: 0.0032004843976385614
dang abnormal 6: 0.02035483427313987
defaultdict(<class 'int'>, {0: 44933, 1: 230, 5: 3, 7: 3, 2: 49, 4: 4, 6: 3, 3: 18, 8: 1})
[(1, 1), (2, 3207), (3, 1881), (4, 4258), (5, 13545), (6, 4307), (7, 4537), (8, 3967), (9, 4085), (10, 858), (11, 888), (12, 2127), (13, 413), (14, 320), (15, 157), (16, 290), (17, 163), (18, 38), (19, 30), (20, 20), (21, 21), (22, 21), (23, 3), (24, 7), (25, 4), (26, 9), (27, 5), (28, 5), (29, 2), (30, 4), (31, 4), (32, 11), (35, 3), (36, 5), (37, 2), (38, 4), (40, 12), (41, 1), (42, 1), (43, 1), (47, 2), (48, 1), (49, 1), (51, 2), (52, 1), (57, 1), (64, 1), (67, 1), (68, 2), (71, 1), (77, 1), (83, 4), (85, 1), (86, 1), (106, 1), (108, 1), (116, 1), (125, 1), (162, 1), (168, 2)]
dang object 4: 0.0056657223796034
dang abnormal 4: 0.03603355797001788
dang object 5: 0.003719481867525896
dang abnormal 5: 0.023655618209324714
dang object 6: 0.0032004843976385614
dang abnormal 6: 0.02035483427313987
defaultdict(<class 'int'>, {0: 44933, 1: 230, 5: 3, 7: 3, 2: 49, 4: 4, 6: 3, 3: 18, 8: 1})
[(1, 1), (2, 3207), (3, 1881), (4, 4258), (5, 13545), (6, 4307), (7, 4537), (8, 3967), (9, 4085), (10, 858), (11, 888), (12, 2127), (13, 413), (14, 320), (15, 157), (16, 290), (17, 163), (18, 38), (19, 30), (20, 20), (21, 21), (22, 21), (23, 3), (24, 7), (25, 4), (26, 9), (27, 5), (28, 5), (29, 2), (30, 4), (31, 4), (32, 11), (35, 3), (36, 5), (37, 2), (38, 4), (40, 12), (41, 1), (42, 1), (43, 1), (47, 2), (48, 1), (49, 1), (51, 2), (52, 1), (57, 1), (64, 1), (67, 1), (68, 2), (71, 1), (77, 1), (83, 4), (85, 1), (86, 1), (106, 1), (108, 1), (116, 1), (125, 1), (162, 1), (168, 2)]
dang object 4: 0.0056657223796034
dang abnormal 4: 0.03603355797001788
dang object 5: 0.003719481867525896
dang abnormal 5: 0.023655618209324714
dang object 6: 0.0032004843976385614
dang abnormal 6: 0.02035483427313987
defaultdict(<class 'int'>, {0: 44933, 1: 230, 5: 3, 7: 3, 2: 49, 4: 4, 6: 3, 3: 18, 8: 1})
[(1, 1), (2, 3207), (3, 1881), (4, 4258), (5, 13545), (6, 4307), (7, 4537), (8, 3967), (9, 4085), (10, 858), (11, 888), (12, 2127), (13, 413), (14, 320), (15, 157), (16, 290), (17, 163), (18, 38), (19, 30), (20, 20), (21, 21), (22, 21), (23, 3), (24, 7), (25, 4), (26, 9), (27, 5), (28, 5), (29, 2), (30, 4), (31, 4), (32, 11), (35, 3), (36, 5), (37, 2), (38, 4), (40, 12), (41, 1), (42, 1), (43, 1), (47, 2), (48, 1), (49, 1), (51, 2), (52, 1), (57, 1), (64, 1), (67, 1), (68, 2), (71, 1), (77, 1), (83, 4), (85, 1), (86, 1), (106, 1), (108, 1), (116, 1), (125, 1), (162, 1), (168, 2)]
dang object 4: 0.0056657223796034
dang abnormal 4: 0.03603355797001788
dang object 5: 0.003719481867525896
dang abnormal 5: 0.023655618209324714
dang object 6: 0.0032004843976385614
dang abnormal 6: 0.02035483427313987
defaultdict(<class 'int'>, {0: 44933, 1: 230, 5: 3, 7: 3, 2: 49, 4: 4, 6: 3, 3: 18, 8: 1})
[(1, 1), (2, 3207), (3, 1881), (4, 4258), (5, 13545), (6, 4307), (7, 4537), (8, 3967), (9, 4085), (10, 858), (11, 888), (12, 2127), (13, 413), (14, 320), (15, 157), (16, 290), (17, 163), (18, 38), (19, 30), (20, 20), (21, 21), (22, 21), (23, 3), (24, 7), (25, 4), (26, 9), (27, 5), (28, 5), (29, 2), (30, 4), (31, 4), (32, 11), (35, 3), (36, 5), (37, 2), (38, 4), (40, 12), (41, 1), (42, 1), (43, 1), (47, 2), (48, 1), (49, 1), (51, 2), (52, 1), (57, 1), (64, 1), (67, 1), (68, 2), (71, 1), (77, 1), (83, 4), (85, 1), (86, 1), (106, 1), (108, 1), (116, 1), (125, 1), (162, 1), (168, 2)]
dang object 4: 0.0056657223796034
dang abnormal 4: 0.03603355797001788
dang object 5: 0.003719481867525896
dang abnormal 5: 0.023655618209324714
dang object 6: 0.0032004843976385614
dang abnormal 6: 0.02035483427313987
defaultdict(<class 'int'>, {0: 44933, 1: 230, 5: 3, 7: 3, 2: 49, 4: 4, 6: 3, 3: 18, 8: 1})
[(1, 1), (2, 3207), (3, 1881), (4, 4258), (5, 13545), (6, 4307), (7, 4537), (8, 3967), (9, 4085), (10, 858), (11, 888), (12, 2127), (13, 413), (14, 320), (15, 157), (16, 290), (17, 163), (18, 38), (19, 30), (20, 20), (21, 21), (22, 21), (23, 3), (24, 7), (25, 4), (26, 9), (27, 5), (28, 5), (29, 2), (30, 4), (31, 4), (32, 11), (35, 3), (36, 5), (37, 2), (38, 4), (40, 12), (41, 1), (42, 1), (43, 1), (47, 2), (48, 1), (49, 1), (51, 2), (52, 1), (57, 1), (64, 1), (67, 1), (68, 2), (71, 1), (77, 1), (83, 4), (85, 1), (86, 1), (106, 1), (108, 1), (116, 1), (125, 1), (162, 1), (168, 2)]
dang object 4: 0.0056657223796034
dang abnormal 4: 0.03603355797001788
dang object 5: 0.003719481867525896
dang abnormal 5: 0.023655618209324714
dang object 6: 0.0032004843976385614
dang abnormal 6: 0.02035483427313987
defaultdict(<class 'int'>, {0: 44933, 1: 230, 5: 3, 7: 3, 2: 49, 4: 4, 6: 3, 3: 18, 8: 1})
[(1, 1), (2, 3207), (3, 1881), (4, 4258), (5, 13545), (6, 4307), (7, 4537), (8, 3967), (9, 4085), (10, 858), (11, 888), (12, 2127), (13, 413), (14, 320), (15, 157), (16, 290), (17, 163), (18, 38), (19, 30), (20, 20), (21, 21), (22, 21), (23, 3), (24, 7), (25, 4), (26, 9), (27, 5), (28, 5), (29, 2), (30, 4), (31, 4), (32, 11), (35, 3), (36, 5), (37, 2), (38, 4), (40, 12), (41, 1), (42, 1), (43, 1), (47, 2), (48, 1), (49, 1), (51, 2), (52, 1), (57, 1), (64, 1), (67, 1), (68, 2), (71, 1), (77, 1), (83, 4), (85, 1), (86, 1), (106, 1), (108, 1), (116, 1), (125, 1), (162, 1), (168, 2)]
dang object 4: 0.0056657223796034
dang abnormal 4: 0.03603355797001788
dang object 5: 0.003719481867525896
dang abnormal 5: 0.023655618209324714
dang object 6: 0.0032004843976385614
dang abnormal 6: 0.02035483427313987
defaultdict(<class 'int'>, {0: 44933, 1: 230, 5: 3, 7: 3, 2: 49, 4: 4, 6: 3, 3: 18, 8: 1})
[(1, 1), (2, 3207), (3, 1881), (4, 4258), (5, 13545), (6, 4307), (7, 4537), (8, 3967), (9, 4085), (10, 858), (11, 888), (12, 2127), (13, 413), (14, 320), (15, 157), (16, 290), (17, 163), (18, 38), (19, 30), (20, 20), (21, 21), (22, 21), (23, 3), (24, 7), (25, 4), (26, 9), (27, 5), (28, 5), (29, 2), (30, 4), (31, 4), (32, 11), (35, 3), (36, 5), (37, 2), (38, 4), (40, 12), (41, 1), (42, 1), (43, 1), (47, 2), (48, 1), (49, 1), (51, 2), (52, 1), (57, 1), (64, 1), (67, 1), (68, 2), (71, 1), (77, 1), (83, 4), (85, 1), (86, 1), (106, 1), (108, 1), (116, 1), (125, 1), (162, 1), (168, 2)]
dang object 4: 0.0056657223796034
dang abnormal 4: 0.03603355797001788
dang object 5: 0.003719481867525896
dang abnormal 5: 0.023655618209324714
dang object 6: 0.0032004843976385614
dang abnormal 6: 0.02035483427313987
defaultdict(<class 'int'>, {0: 44933, 1: 230, 5: 3, 7: 3, 2: 49, 4: 4, 6: 3, 3: 18, 8: 1})
[(1, 1), (2, 3207), (3, 1881), (4, 4258), (5, 13545), (6, 4307), (7, 4537), (8, 3967), (9, 4085), (10, 858), (11, 888), (12, 2127), (13, 413), (14, 320), (15, 157), (16, 290), (17, 163), (18, 38), (19, 30), (20, 20), (21, 21), (22, 21), (23, 3), (24, 7), (25, 4), (26, 9), (27, 5), (28, 5), (29, 2), (30, 4), (31, 4), (32, 11), (35, 3), (36, 5), (37, 2), (38, 4), (40, 12), (41, 1), (42, 1), (43, 1), (47, 2), (48, 1), (49, 1), (51, 2), (52, 1), (57, 1), (64, 1), (67, 1), (68, 2), (71, 1), (77, 1), (83, 4), (85, 1), (86, 1), (106, 1), (108, 1), (116, 1), (125, 1), (162, 1), (168, 2)]
dang object 4: 0.0056657223796034
dang abnormal 4: 0.03603355797001788
dang object 5: 0.003719481867525896
dang abnormal 5: 0.023655618209324714
dang object 6: 0.0032004843976385614
dang abnormal 6: 0.02035483427313987
defaultdict(<class 'int'>, {0: 44933, 1: 230, 5: 3, 7: 3, 2: 49, 4: 4, 6: 3, 3: 18, 8: 1})
[(1, 1), (2, 3207), (3, 1881), (4, 4258), (5, 13545), (6, 4307), (7, 4537), (8, 3967), (9, 4085), (10, 858), (11, 888), (12, 2127), (13, 413), (14, 320), (15, 157), (16, 290), (17, 163), (18, 38), (19, 30), (20, 20), (21, 21), (22, 21), (23, 3), (24, 7), (25, 4), (26, 9), (27, 5), (28, 5), (29, 2), (30, 4), (31, 4), (32, 11), (35, 3), (36, 5), (37, 2), (38, 4), (40, 12), (41, 1), (42, 1), (43, 1), (47, 2), (48, 1), (49, 1), (51, 2), (52, 1), (57, 1), (64, 1), (67, 1), (68, 2), (71, 1), (77, 1), (83, 4), (85, 1), (86, 1), (106, 1), (108, 1), (116, 1), (125, 1), (162, 1), (168, 2)]
dang object 4: 0.0056657223796034
dang abnormal 4: 0.03603355797001788
dang object 5: 0.003719481867525896
dang abnormal 5: 0.023655618209324714
dang object 6: 0.0032004843976385614
dang abnormal 6: 0.02035483427313987
defaultdict(<class 'int'>, {0: 44933, 1: 230, 5: 3, 7: 3, 2: 49, 4: 4, 6: 3, 3: 18, 8: 1})
[(1, 1), (2, 3207), (3, 1881), (4, 4258), (5, 13545), (6, 4307), (7, 4537), (8, 3967), (9, 4085), (10, 858), (11, 888), (12, 2127), (13, 413), (14, 320), (15, 157), (16, 290), (17, 163), (18, 38), (19, 30), (20, 20), (21, 21), (22, 21), (23, 3), (24, 7), (25, 4), (26, 9), (27, 5), (28, 5), (29, 2), (30, 4), (31, 4), (32, 11), (35, 3), (36, 5), (37, 2), (38, 4), (40, 12), (41, 1), (42, 1), (43, 1), (47, 2), (48, 1), (49, 1), (51, 2), (52, 1), (57, 1), (64, 1), (67, 1), (68, 2), (71, 1), (77, 1), (83, 4), (85, 1), (86, 1), (106, 1), (108, 1), (116, 1), (125, 1), (162, 1), (168, 2)]
dang object 4: 0.0056657223796034
dang abnormal 4: 0.03603355797001788
dang object 5: 0.003719481867525896
dang abnormal 5: 0.023655618209324714
dang object 6: 0.0032004843976385614
dang abnormal 6: 0.02035483427313987
defaultdict(<class 'int'>, {0: 44933, 1: 230, 5: 3, 7: 3, 2: 49, 4: 4, 6: 3, 3: 18, 8: 1})
[(1, 1), (2, 3207), (3, 1881), (4, 4258), (5, 13545), (6, 4307), (7, 4537), (8, 3967), (9, 4085), (10, 858), (11, 888), (12, 2127), (13, 413), (14, 320), (15, 157), (16, 290), (17, 163), (18, 38), (19, 30), (20, 20), (21, 21), (22, 21), (23, 3), (24, 7), (25, 4), (26, 9), (27, 5), (28, 5), (29, 2), (30, 4), (31, 4), (32, 11), (35, 3), (36, 5), (37, 2), (38, 4), (40, 12), (41, 1), (42, 1), (43, 1), (47, 2), (48, 1), (49, 1), (51, 2), (52, 1), (57, 1), (64, 1), (67, 1), (68, 2), (71, 1), (77, 1), (83, 4), (85, 1), (86, 1), (106, 1), (108, 1), (116, 1), (125, 1), (162, 1), (168, 2)]
dang object 4: 0.0056657223796034
dang abnormal 4: 0.03603355797001788
dang object 5: 0.003719481867525896
dang abnormal 5: 0.023655618209324714
dang object 6: 0.0032004843976385614
dang abnormal 6: 0.02035483427313987
defaultdict(<class 'int'>, {0: 44933, 1: 230, 5: 3, 7: 3, 2: 49, 4: 4, 6: 3, 3: 18, 8: 1})
[(1, 1), (2, 3207), (3, 1881), (4, 4258), (5, 13545), (6, 4307), (7, 4537), (8, 3967), (9, 4085), (10, 858), (11, 888), (12, 2127), (13, 413), (14, 320), (15, 157), (16, 290), (17, 163), (18, 38), (19, 30), (20, 20), (21, 21), (22, 21), (23, 3), (24, 7), (25, 4), (26, 9), (27, 5), (28, 5), (29, 2), (30, 4), (31, 4), (32, 11), (35, 3), (36, 5), (37, 2), (38, 4), (40, 12), (41, 1), (42, 1), (43, 1), (47, 2), (48, 1), (49, 1), (51, 2), (52, 1), (57, 1), (64, 1), (67, 1), (68, 2), (71, 1), (77, 1), (83, 4), (85, 1), (86, 1), (106, 1), (108, 1), (116, 1), (125, 1), (162, 1), (168, 2)]
dang object 4: 0.0056657223796034
dang abnormal 4: 0.03603355797001788
dang object 5: 0.003719481867525896
dang abnormal 5: 0.023655618209324714
dang object 6: 0.0032004843976385614
dang abnormal 6: 0.02035483427313987
defaultdict(<class 'int'>, {0: 44933, 1: 230, 5: 3, 7: 3, 2: 49, 4: 4, 6: 3, 3: 18, 8: 1})
[(1, 1), (2, 3207), (3, 1881), (4, 4258), (5, 13545), (6, 4307), (7, 4537), (8, 3967), (9, 4085), (10, 858), (11, 888), (12, 2127), (13, 413), (14, 320), (15, 157), (16, 290), (17, 163), (18, 38), (19, 30), (20, 20), (21, 21), (22, 21), (23, 3), (24, 7), (25, 4), (26, 9), (27, 5), (28, 5), (29, 2), (30, 4), (31, 4), (32, 11), (35, 3), (36, 5), (37, 2), (38, 4), (40, 12), (41, 1), (42, 1), (43, 1), (47, 2), (48, 1), (49, 1), (51, 2), (52, 1), (57, 1), (64, 1), (67, 1), (68, 2), (71, 1), (77, 1), (83, 4), (85, 1), (86, 1), (106, 1), (108, 1), (116, 1), (125, 1), (162, 1), (168, 2)]
dang object 4: 0.0056657223796034
dang abnormal 4: 0.03603355797001788
dang object 5: 0.003719481867525896
dang abnormal 5: 0.023655618209324714
dang object 6: 0.0032004843976385614
dang abnormal 6: 0.02035483427313987
defaultdict(<class 'int'>, {0: 44933, 1: 230, 5: 3, 7: 3, 2: 49, 4: 4, 6: 3, 3: 18, 8: 1})
[(1, 1), (2, 3207), (3, 1881), (4, 4258), (5, 13545), (6, 4307), (7, 4537), (8, 3967), (9, 4085), (10, 858), (11, 888), (12, 2127), (13, 413), (14, 320), (15, 157), (16, 290), (17, 163), (18, 38), (19, 30), (20, 20), (21, 21), (22, 21), (23, 3), (24, 7), (25, 4), (26, 9), (27, 5), (28, 5), (29, 2), (30, 4), (31, 4), (32, 11), (35, 3), (36, 5), (37, 2), (38, 4), (40, 12), (41, 1), (42, 1), (43, 1), (47, 2), (48, 1), (49, 1), (51, 2), (52, 1), (57, 1), (64, 1), (67, 1), (68, 2), (71, 1), (77, 1), (83, 4), (85, 1), (86, 1), (106, 1), (108, 1), (116, 1), (125, 1), (162, 1), (168, 2)]
dang object 4: 0.0056657223796034
dang abnormal 4: 0.03603355797001788
dang object 5: 0.003719481867525896
dang abnormal 5: 0.023655618209324714
dang object 6: 0.0032004843976385614
dang abnormal 6: 0.02035483427313987
defaultdict(<class 'int'>, {0: 44933, 1: 230, 5: 3, 7: 3, 2: 49, 4: 4, 6: 3, 3: 18, 8: 1})
[(1, 1), (2, 3207), (3, 1881), (4, 4258), (5, 13545), (6, 4307), (7, 4537), (8, 3967), (9, 4085), (10, 858), (11, 888), (12, 2127), (13, 413), (14, 320), (15, 157), (16, 290), (17, 163), (18, 38), (19, 30), (20, 20), (21, 21), (22, 21), (23, 3), (24, 7), (25, 4), (26, 9), (27, 5), (28, 5), (29, 2), (30, 4), (31, 4), (32, 11), (35, 3), (36, 5), (37, 2), (38, 4), (40, 12), (41, 1), (42, 1), (43, 1), (47, 2), (48, 1), (49, 1), (51, 2), (52, 1), (57, 1), (64, 1), (67, 1), (68, 2), (71, 1), (77, 1), (83, 4), (85, 1), (86, 1), (106, 1), (108, 1), (116, 1), (125, 1), (162, 1), (168, 2)]
dang object 4: 0.0056657223796034
dang abnormal 4: 0.03603355797001788
dang object 5: 0.003719481867525896
dang abnormal 5: 0.023655618209324714
dang object 6: 0.0032004843976385614
dang abnormal 6: 0.02035483427313987
defaultdict(<class 'int'>, {0: 44933, 1: 230, 5: 3, 7: 3, 2: 49, 4: 4, 6: 3, 3: 18, 8: 1})
[(1, 1), (2, 3207), (3, 1881), (4, 4258), (5, 13545), (6, 4307), (7, 4537), (8, 3967), (9, 4085), (10, 858), (11, 888), (12, 2127), (13, 413), (14, 320), (15, 157), (16, 290), (17, 163), (18, 38), (19, 30), (20, 20), (21, 21), (22, 21), (23, 3), (24, 7), (25, 4), (26, 9), (27, 5), (28, 5), (29, 2), (30, 4), (31, 4), (32, 11), (35, 3), (36, 5), (37, 2), (38, 4), (40, 12), (41, 1), (42, 1), (43, 1), (47, 2), (48, 1), (49, 1), (51, 2), (52, 1), (57, 1), (64, 1), (67, 1), (68, 2), (71, 1), (77, 1), (83, 4), (85, 1), (86, 1), (106, 1), (108, 1), (116, 1), (125, 1), (162, 1), (168, 2)]
dang object 4: 0.0056657223796034
dang abnormal 4: 0.03603355797001788
dang object 5: 0.003719481867525896
dang abnormal 5: 0.023655618209324714
dang object 6: 0.0032004843976385614
dang abnormal 6: 0.02035483427313987
defaultdict(<class 'int'>, {0: 44933, 1: 230, 5: 3, 7: 3, 2: 49, 4: 4, 6: 3, 3: 18, 8: 1})
[(1, 1), (2, 3207), (3, 1881), (4, 4258), (5, 13545), (6, 4307), (7, 4537), (8, 3967), (9, 4085), (10, 858), (11, 888), (12, 2127), (13, 413), (14, 320), (15, 157), (16, 290), (17, 163), (18, 38), (19, 30), (20, 20), (21, 21), (22, 21), (23, 3), (24, 7), (25, 4), (26, 9), (27, 5), (28, 5), (29, 2), (30, 4), (31, 4), (32, 11), (35, 3), (36, 5), (37, 2), (38, 4), (40, 12), (41, 1), (42, 1), (43, 1), (47, 2), (48, 1), (49, 1), (51, 2), (52, 1), (57, 1), (64, 1), (67, 1), (68, 2), (71, 1), (77, 1), (83, 4), (85, 1), (86, 1), (106, 1), (108, 1), (116, 1), (125, 1), (162, 1), (168, 2)]
dang object 4: 0.0056657223796034
dang abnormal 4: 0.03603355797001788
dang object 5: 0.003719481867525896
dang abnormal 5: 0.023655618209324714
dang object 6: 0.0032004843976385614
dang abnormal 6: 0.02035483427313987
defaultdict(<class 'int'>, {0: 44933, 1: 230, 5: 3, 7: 3, 2: 49, 4: 4, 6: 3, 3: 18, 8: 1})
[(1, 1), (2, 3207), (3, 1881), (4, 4258), (5, 13545), (6, 4307), (7, 4537), (8, 3967), (9, 4085), (10, 858), (11, 888), (12, 2127), (13, 413), (14, 320), (15, 157), (16, 290), (17, 163), (18, 38), (19, 30), (20, 20), (21, 21), (22, 21), (23, 3), (24, 7), (25, 4), (26, 9), (27, 5), (28, 5), (29, 2), (30, 4), (31, 4), (32, 11), (35, 3), (36, 5), (37, 2), (38, 4), (40, 12), (41, 1), (42, 1), (43, 1), (47, 2), (48, 1), (49, 1), (51, 2), (52, 1), (57, 1), (64, 1), (67, 1), (68, 2), (71, 1), (77, 1), (83, 4), (85, 1), (86, 1), (106, 1), (108, 1), (116, 1), (125, 1), (162, 1), (168, 2)]
dang object 4: 0.0056657223796034
dang abnormal 4: 0.03603355797001788
dang object 5: 0.003719481867525896
dang abnormal 5: 0.023655618209324714
dang object 6: 0.0032004843976385614
dang abnormal 6: 0.02035483427313987
defaultdict(<class 'int'>, {0: 44933, 1: 230, 5: 3, 7: 3, 2: 49, 4: 4, 6: 3, 3: 18, 8: 1})
[(1, 1), (2, 3207), (3, 1881), (4, 4258), (5, 13545), (6, 4307), (7, 4537), (8, 3967), (9, 4085), (10, 858), (11, 888), (12, 2127), (13, 413), (14, 320), (15, 157), (16, 290), (17, 163), (18, 38), (19, 30), (20, 20), (21, 21), (22, 21), (23, 3), (24, 7), (25, 4), (26, 9), (27, 5), (28, 5), (29, 2), (30, 4), (31, 4), (32, 11), (35, 3), (36, 5), (37, 2), (38, 4), (40, 12), (41, 1), (42, 1), (43, 1), (47, 2), (48, 1), (49, 1), (51, 2), (52, 1), (57, 1), (64, 1), (67, 1), (68, 2), (71, 1), (77, 1), (83, 4), (85, 1), (86, 1), (106, 1), (108, 1), (116, 1), (125, 1), (162, 1), (168, 2)]
dang object 4: 0.0056657223796034
dang abnormal 4: 0.03603355797001788
dang object 5: 0.003719481867525896
dang abnormal 5: 0.023655618209324714
dang object 6: 0.0032004843976385614
dang abnormal 6: 0.02035483427313987
defaultdict(<class 'int'>, {0: 44933, 1: 230, 5: 3, 7: 3, 2: 49, 4: 4, 6: 3, 3: 18, 8: 1})
[(1, 1), (2, 3207), (3, 1881), (4, 4258), (5, 13545), (6, 4307), (7, 4537), (8, 3967), (9, 4085), (10, 858), (11, 888), (12, 2127), (13, 413), (14, 320), (15, 157), (16, 290), (17, 163), (18, 38), (19, 30), (20, 20), (21, 21), (22, 21), (23, 3), (24, 7), (25, 4), (26, 9), (27, 5), (28, 5), (29, 2), (30, 4), (31, 4), (32, 11), (35, 3), (36, 5), (37, 2), (38, 4), (40, 12), (41, 1), (42, 1), (43, 1), (47, 2), (48, 1), (49, 1), (51, 2), (52, 1), (57, 1), (64, 1), (67, 1), (68, 2), (71, 1), (77, 1), (83, 4), (85, 1), (86, 1), (106, 1), (108, 1), (116, 1), (125, 1), (162, 1), (168, 2)]
dang object 4: 0.0056657223796034
dang abnormal 4: 0.03603355797001788
dang object 5: 0.003719481867525896
dang abnormal 5: 0.023655618209324714
dang object 6: 0.0032004843976385614
dang abnormal 6: 0.02035483427313987
defaultdict(<class 'int'>, {0: 44933, 1: 230, 5: 3, 7: 3, 2: 49, 4: 4, 6: 3, 3: 18, 8: 1})
[(1, 1), (2, 3207), (3, 1881), (4, 4258), (5, 13545), (6, 4307), (7, 4537), (8, 3967), (9, 4085), (10, 858), (11, 888), (12, 2127), (13, 413), (14, 320), (15, 157), (16, 290), (17, 163), (18, 38), (19, 30), (20, 20), (21, 21), (22, 21), (23, 3), (24, 7), (25, 4), (26, 9), (27, 5), (28, 5), (29, 2), (30, 4), (31, 4), (32, 11), (35, 3), (36, 5), (37, 2), (38, 4), (40, 12), (41, 1), (42, 1), (43, 1), (47, 2), (48, 1), (49, 1), (51, 2), (52, 1), (57, 1), (64, 1), (67, 1), (68, 2), (71, 1), (77, 1), (83, 4), (85, 1), (86, 1), (106, 1), (108, 1), (116, 1), (125, 1), (162, 1), (168, 2)]
dang object 4: 0.0056657223796034
dang abnormal 4: 0.03603355797001788
dang object 5: 0.003719481867525896
dang abnormal 5: 0.023655618209324714
dang object 6: 0.0032004843976385614
dang abnormal 6: 0.02035483427313987
defaultdict(<class 'int'>, {0: 44933, 1: 230, 5: 3, 7: 3, 2: 49, 4: 4, 6: 3, 3: 18, 8: 1})
[(1, 1), (2, 3207), (3, 1881), (4, 4258), (5, 13545), (6, 4307), (7, 4537), (8, 3967), (9, 4085), (10, 858), (11, 888), (12, 2127), (13, 413), (14, 320), (15, 157), (16, 290), (17, 163), (18, 38), (19, 30), (20, 20), (21, 21), (22, 21), (23, 3), (24, 7), (25, 4), (26, 9), (27, 5), (28, 5), (29, 2), (30, 4), (31, 4), (32, 11), (35, 3), (36, 5), (37, 2), (38, 4), (40, 12), (41, 1), (42, 1), (43, 1), (47, 2), (48, 1), (49, 1), (51, 2), (52, 1), (57, 1), (64, 1), (67, 1), (68, 2), (71, 1), (77, 1), (83, 4), (85, 1), (86, 1), (106, 1), (108, 1), (116, 1), (125, 1), (162, 1), (168, 2)]
dang object 4: 0.0056657223796034
dang abnormal 4: 0.03603355797001788
dang object 5: 0.003719481867525896
dang abnormal 5: 0.023655618209324714
dang object 6: 0.0032004843976385614
dang abnormal 6: 0.02035483427313987
defaultdict(<class 'int'>, {0: 970, 4: 1})
[(3, 34), (4, 156), (5, 16), (6, 149), (7, 5), (8, 96), (9, 58), (10, 97), (11, 249), (12, 13), (13, 8), (14, 21), (15, 69)]
dang object 4: 0.27918781725888325
dang abnormal 4: 1.0
dang object 5: 0.2751269035532995
dang abnormal 5: 0.9854545454545455
dang object 6: 0.20304568527918782
dang abnormal 6: 0.7272727272727273
defaultdict(<class 'int'>, {0: 44933, 1: 230, 5: 3, 7: 3, 2: 49, 4: 4, 6: 3, 3: 18, 8: 1})
[(1, 1), (2, 3207), (3, 1881), (4, 4258), (5, 13545), (6, 4307), (7, 4537), (8, 3967), (9, 4085), (10, 858), (11, 888), (12, 2127), (13, 413), (14, 320), (15, 157), (16, 290), (17, 163), (18, 38), (19, 30), (20, 20), (21, 21), (22, 21), (23, 3), (24, 7), (25, 4), (26, 9), (27, 5), (28, 5), (29, 2), (30, 4), (31, 4), (32, 11), (35, 3), (36, 5), (37, 2), (38, 4), (40, 12), (41, 1), (42, 1), (43, 1), (47, 2), (48, 1), (49, 1), (51, 2), (52, 1), (57, 1), (64, 1), (67, 1), (68, 2), (71, 1), (77, 1), (83, 4), (85, 1), (86, 1), (106, 1), (108, 1), (116, 1), (125, 1), (162, 1), (168, 2)]
dang object 4: 0.0056657223796034
dang abnormal 4: 0.03603355797001788
dang object 5: 0.003719481867525896
dang abnormal 5: 0.023655618209324714
dang object 6: 0.0032004843976385614
dang abnormal 6: 0.02035483427313987
defaultdict(<class 'int'>, {0: 970, 4: 1})
[(3, 34), (4, 156), (5, 16), (6, 149), (7, 5), (8, 96), (9, 58), (10, 97), (11, 249), (12, 13), (13, 8), (14, 21), (15, 69)]
dang object 4: 0.27918781725888325
dang abnormal 4: 1.0
dang object 5: 0.2751269035532995
dang abnormal 5: 0.9854545454545455
dang object 6: 0.20304568527918782
dang abnormal 6: 0.7272727272727273
defaultdict(<class 'int'>, {0: 6884, 1: 15})
[(2, 1), (3, 10), (4, 719), (5, 1008), (6, 551), (7, 243), (8, 1950), (9, 423), (10, 181), (11, 324), (12, 778), (13, 44), (14, 12), (15, 192), (16, 303), (17, 83), (18, 3), (19, 1), (20, 54), (21, 1), (22, 4), (23, 1), (24, 1), (25, 2), (26, 1), (27, 1), (28, 1), (29, 1), (30, 1), (31, 1), (32, 3), (39, 1)]
dang object 4: 0.2162572803241327
dang abnormal 4: 0.8255195746737555
dang object 5: 0.15332995695112686
dang abnormal 5: 0.5853069115514742
dang object 6: 0.09875917953912383
dang abnormal 6: 0.37699371677138716
defaultdict(<class 'int'>, {0: 4074})
[(2, 356), (3, 28), (4, 47), (5, 54), (6, 580), (7, 449), (8, 281), (9, 735), (10, 1012), (11, 49), (12, 51), (13, 37), (14, 14), (15, 183), (16, 51), (17, 11), (18, 6), (19, 25), (20, 7), (21, 6), (22, 21), (23, 11), (24, 3), (25, 7), (26, 3), (27, 4), (28, 10), (29, 4), (30, 11), (31, 6), (33, 2), (34, 1), (35, 5), (38, 1), (48, 1), (53, 2)]
dang object 4: 0.32485708653656614
dang abnormal 4: 0.7700934579439253
dang object 5: 0.2611866745515474
dang abnormal 5: 0.6191588785046729
dang object 6: 0.20106445890005914
dang abnormal 6: 0.4766355140186916
defaultdict(<class 'int'>, {})
[]
dang object 4: 0.0
dang abnormal 4: -1
dang object 5: 0.0
dang abnormal 5: -1
dang object 6: 0.0
dang abnormal 6: -1
defaultdict(<class 'int'>, {0: 44933, 1: 230, 5: 3, 7: 3, 2: 49, 4: 4, 6: 3, 3: 18, 8: 1})
[(1, 1), (2, 3207), (3, 1881), (4, 4258), (5, 13545), (6, 4307), (7, 4537), (8, 3967), (9, 4085), (10, 858), (11, 888), (12, 2127), (13, 413), (14, 320), (15, 157), (16, 290), (17, 163), (18, 38), (19, 30), (20, 20), (21, 21), (22, 21), (23, 3), (24, 7), (25, 4), (26, 9), (27, 5), (28, 5), (29, 2), (30, 4), (31, 4), (32, 11), (35, 3), (36, 5), (37, 2), (38, 4), (40, 12), (41, 1), (42, 1), (43, 1), (47, 2), (48, 1), (49, 1), (51, 2), (52, 1), (57, 1), (64, 1), (67, 1), (68, 2), (71, 1), (77, 1), (83, 4), (85, 1), (86, 1), (106, 1), (108, 1), (116, 1), (125, 1), (162, 1), (168, 2)]
dang object 4: 0.0056657223796034
dang abnormal 4: 0.03603355797001788
dang object 5: 0.003719481867525896
dang abnormal 5: 0.023655618209324714
dang object 6: 0.0032004843976385614
dang abnormal 6: 0.02035483427313987
defaultdict(<class 'int'>, {0: 970, 4: 1})
[(3, 34), (4, 156), (5, 16), (6, 149), (7, 5), (8, 96), (9, 58), (10, 97), (11, 249), (12, 13), (13, 8), (14, 21), (15, 69)]
dang object 4: 0.27918781725888325
dang abnormal 4: 1.0
dang object 5: 0.2751269035532995
dang abnormal 5: 0.9854545454545455
dang object 6: 0.20304568527918782
dang abnormal 6: 0.7272727272727273
defaultdict(<class 'int'>, {0: 6884, 1: 15})
[(2, 1), (3, 10), (4, 719), (5, 1008), (6, 551), (7, 243), (8, 1950), (9, 423), (10, 181), (11, 324), (12, 778), (13, 44), (14, 12), (15, 192), (16, 303), (17, 83), (18, 3), (19, 1), (20, 54), (21, 1), (22, 4), (23, 1), (24, 1), (25, 2), (26, 1), (27, 1), (28, 1), (29, 1), (30, 1), (31, 1), (32, 3), (39, 1)]
dang object 4: 0.2162572803241327
dang abnormal 4: 0.8255195746737555
dang object 5: 0.15332995695112686
dang abnormal 5: 0.5853069115514742
dang object 6: 0.09875917953912383
dang abnormal 6: 0.37699371677138716
defaultdict(<class 'int'>, {0: 4074})
[(2, 356), (3, 28), (4, 47), (5, 54), (6, 580), (7, 449), (8, 281), (9, 735), (10, 1012), (11, 49), (12, 51), (13, 37), (14, 14), (15, 183), (16, 51), (17, 11), (18, 6), (19, 25), (20, 7), (21, 6), (22, 21), (23, 11), (24, 3), (25, 7), (26, 3), (27, 4), (28, 10), (29, 4), (30, 11), (31, 6), (33, 2), (34, 1), (35, 5), (38, 1), (48, 1), (53, 2)]
dang object 4: 0.32485708653656614
dang abnormal 4: 0.7700934579439253
dang object 5: 0.2611866745515474
dang abnormal 5: 0.6191588785046729
dang object 6: 0.20106445890005914
dang abnormal 6: 0.4766355140186916
defaultdict(<class 'int'>, {})
[]
dang object 4: 0.0
dang abnormal 4: -1
dang object 5: 0.0
dang abnormal 5: -1
dang object 6: 0.0
dang abnormal 6: -1
defaultdict(<class 'int'>, {})
[]
dang object 4: 0.0
dang abnormal 4: -1
dang object 5: 0.0
dang abnormal 5: -1
dang object 6: 0.0
dang abnormal 6: -1
defaultdict(<class 'int'>, {})
[]
dang object 4: 0.0
dang abnormal 4: -1
dang object 5: 0.0
dang abnormal 5: -1
dang object 6: 0.0
dang abnormal 6: -1
defaultdict(<class 'int'>, {})
[]
dang object 4: 0.0
dang abnormal 4: -1
dang object 5: 0.0
dang abnormal 5: -1
dang object 6: 0.0
dang abnormal 6: -1
defaultdict(<class 'int'>, {0: 45717, 2: 67, 3: 55, 4: 13, 1: 356, 106: 1, 10: 2, 15: 3, 5: 8, 9: 7, 12: 1, 6: 6, 13: 1, 7: 4, 18: 1, 8: 1})
[(1, 1), (2, 3266), (3, 1922), (4, 4372), (5, 13614), (6, 4456), (7, 4635), (8, 4071), (9, 4163), (10, 889), (11, 936), (12, 2159), (13, 455), (14, 335), (15, 176), (16, 295), (17, 195), (18, 43), (19, 38), (20, 24), (21, 26), (22, 22), (23, 11), (24, 11), (25, 4), (26, 11), (27, 7), (28, 6), (29, 4), (30, 4), (31, 4), (32, 11), (33, 1), (35, 4), (36, 5), (37, 2), (38, 4), (40, 12), (41, 5), (42, 1), (43, 1), (45, 1), (46, 1), (47, 2), (48, 1), (49, 1), (51, 4), (52, 1), (54, 1), (56, 2), (57, 1), (60, 1), (64, 1), (67, 1), (68, 3), (69, 1), (71, 1), (72, 1), (76, 1), (77, 1), (83, 4), (85, 1), (86, 2), (106, 1), (108, 1), (116, 1), (125, 1), (142, 1), (162, 1), (168, 2), (1059, 1)]
dang object 4: 0.005708972168760677
dang abnormal 4: 0.03565640194489465
dang object 5: 0.0037627316566831736
dang abnormal 5: 0.023500810372771474
dang object 6: 0.0032437341867958395
dang abnormal 6: 0.02025931928687196
defaultdict(<class 'int'>, {0: 1456, 2: 1, 3: 506, 6: 6, 4: 1})
[(2, 1), (3, 72), (4, 206), (5, 122), (6, 248), (7, 28), (8, 107), (9, 65), (10, 103), (11, 373), (12, 20), (13, 26), (14, 21), (15, 171), (16, 41), (17, 36), (18, 37), (19, 49), (20, 16), (21, 168), (23, 37), (25, 16), (29, 6), (53, 1)]
dang object 4: 0.5954314720812183
dang abnormal 4: 1.0
dang object 5: 0.5456852791878173
dang abnormal 5: 0.9164535379369139
dang object 6: 0.4279187817258883
dang abnormal 6: 0.7186700767263428
defaultdict(<class 'int'>, {3: 7, 1: 324, 0: 7567})
[(2, 1), (3, 319), (4, 792), (5, 1110), (6, 624), (7, 264), (8, 2121), (9, 479), (10, 201), (11, 350), (12, 871), (13, 48), (14, 13), (15, 216), (16, 318), (17, 87), (18, 6), (19, 1), (20, 58), (21, 1), (22, 4), (23, 1), (24, 1), (25, 2), (26, 1), (27, 1), (28, 1), (29, 1), (30, 1), (31, 1), (32, 3), (39, 1)]
dang object 4: 0.24120030387439859
dang abnormal 4: 0.8333333333333334
dang object 5: 0.17029627753861737
dang abnormal 5: 0.5883639545056868
dang object 6: 0.10698911116738415
dang abnormal 6: 0.36964129483814523
defaultdict(<class 'int'>, {0: 5064, 10: 1, 2: 6, 1: 2})
[(2, 472), (3, 28), (4, 54), (5, 54), (6, 759), (7, 581), (8, 357), (9, 830), (10, 1316), (11, 73), (12, 58), (13, 41), (14, 15), (15, 209), (16, 60), (17, 11), (18, 6), (19, 30), (20, 7), (21, 7), (22, 23), (23, 11), (24, 8), (25, 9), (26, 5), (27, 4), (28, 10), (29, 4), (30, 11), (31, 7), (32, 1), (33, 2), (34, 1), (35, 5), (38, 1), (48, 1), (53, 2)]
dang object 4: 0.40942243248570864
dang abnormal 4: 0.7834779328555262
dang object 5: 0.32485708653656614
dang abnormal 5: 0.6216522067144474
dang object 6: 0.24659964518036664
dang abnormal 6: 0.4718973972086005
defaultdict(<class 'int'>, {0: 867})
[(4, 1), (7, 83), (9, 618), (25, 2), (26, 9), (32, 2), (34, 14), (37, 3), (38, 8), (39, 6), (41, 4), (42, 8), (44, 5), (45, 5), (46, 4), (47, 5), (48, 9), (50, 5), (51, 18), (52, 2), (53, 6), (54, 3), (56, 2), (57, 1), (59, 1), (60, 2), (62, 19), (64, 1), (65, 1), (67, 3), (68, 7), (69, 1), (72, 1), (74, 2), (75, 2), (78, 1), (79, 1), (98, 1), (111, 1)]
dang object 4: 0.23529411764705882
dang abnormal 4: 1.0
dang object 5: 0.23529411764705882
dang abnormal 5: 1.0
dang object 6: 0.23529411764705882
dang abnormal 6: 1.0
defaultdict(<class 'int'>, {0: 1570, 1: 12, 2: 7})
[(2, 4), (3, 682), (4, 226), (5, 204), (6, 37), (7, 41), (8, 62), (9, 127), (10, 60), (11, 11), (12, 20), (13, 9), (14, 2), (15, 1), (16, 2), (18, 1), (21, 2), (22, 86), (23, 2), (24, 2), (26, 3), (27, 3), (29, 1), (32, 1)]
dang object 4: 0.07174323473882946
dang abnormal 4: 0.7307692307692307
dang object 5: 0.06104468219005664
dang abnormal 5: 0.6217948717948718
dang object 6: 0.0591567023285085
dang abnormal 6: 0.6025641025641025
defaultdict(<class 'int'>, {3: 47, 0: 497210, 1: 32, -2: 11})
[(1, 11), (2, 2849), (3, 115602), (4, 16277), (5, 2710), (6, 49707), (7, 24065), (8, 16670), (9, 16312), (10, 7385), (11, 18109), (12, 23951), (13, 39684), (14, 33256), (15, 54028), (16, 29405), (17, 15894), (18, 14111), (19, 7202), (20, 2989), (21, 2694), (22, 981), (23, 907), (24, 567), (25, 863), (26, 78), (27, 78), (28, 90), (29, 93), (30, 52), (31, 130), (32, 34), (33, 18), (34, 17), (35, 31), (36, 61), (37, 12), (38, 8), (39, 9), (40, 19), (41, 28), (42, 13), (43, 10), (44, 5), (45, 15), (46, 14), (47, 7), (48, 21), (49, 24), (50, 9), (51, 6), (52, 3), (53, 7), (54, 4), (55, 1), (56, 10), (57, 4), (58, 3), (59, 6), (60, 4), (61, 6), (62, 3), (63, 5), (64, 4), (65, 6), (66, 5), (67, 1), (68, 4), (70, 7), (71, 3), (72, 22), (74, 1), (78, 1), (80, 1), (81, 1), (82, 1), (84, 1), (85, 4), (88, 3), (90, 2), (96, 2), (98, 1), (101, 3), (105, 2), (107, 1), (110, 1), (112, 1), (119, 2), (120, 1), (124, 1), (128, 1), (142, 1), (146, 1), (152, 1), (162, 2), (163, 1), (165, 1), (167, 1), (169, 1), (174, 2), (180, 1), (195, 1), (201, 2), (203, 22), (208, 1), (233, 1), (302, 2), (364, 1), (391, 1), (473, 3), (477, 1), (479, 1), (480, 1), (1276, 1)]
dang object 4: 0.45591795696762516
dang abnormal 4: 0.8532558585885195
dang object 5: 0.4540277498491856
dang abnormal 5: 0.8497183135694958
dang object 6: 0.44418660768148
dang abnormal 6: 0.831300499395983
defaultdict(<class 'int'>, {0: 13426, 1: 241, 2: 3, 3: 18, 5: 8, -2: 10})
[(1, 10), (3, 9347), (4, 605), (5, 2134), (6, 248), (7, 134), (8, 224), (9, 138), (10, 592), (11, 36), (12, 15), (13, 2), (14, 24), (15, 39), (16, 33), (17, 31), (18, 20), (19, 8), (20, 14), (21, 22), (22, 4), (23, 1), (24, 1), (26, 4), (27, 4), (39, 8), (78, 8)]
dang object 4: 0.023274478330658106
dang abnormal 4: 0.3513215859030837
dang object 5: 0.02115861666423464
dang abnormal 5: 0.31938325991189426
dang object 6: 0.01816722603239457
dang abnormal 6: 0.27422907488986786
defaultdict(<class 'int'>, {3: 50, 7: 1, 9: 3, 10: 1, 6: 2, 0: 6551, 1: 3, 4: 4})
[(3, 64), (4, 1151), (5, 240), (6, 976), (7, 280), (8, 133), (9, 97), (10, 423), (11, 359), (12, 609), (13, 71), (14, 239), (15, 73), (16, 553), (17, 90), (18, 226), (19, 203), (20, 23), (21, 66), (22, 394), (23, 59), (24, 99), (25, 54), (26, 25), (27, 6), (28, 13), (29, 11), (30, 2), (31, 19), (32, 38), (33, 2), (34, 5), (36, 8), (37, 2), (40, 2)]
dang object 4: 0.013303099017384731
dang abnormal 4: 0.046983449012279764
dang object 5: 0.013303099017384731
dang abnormal 5: 0.046983449012279764
dang object 6: 0.008314436885865457
dang abnormal 6: 0.029364655632674853
defaultdict(<class 'int'>, {1: 646, 254: 1, 0: 17073, 3: 16, 11: 1, 5: 1, 2: 49})
[(2, 4), (3, 2549), (4, 3633), (5, 339), (6, 1140), (7, 4048), (8, 136), (9, 55), (10, 2563), (11, 1803), (12, 200), (13, 18), (14, 565), (15, 102), (16, 201), (17, 219), (18, 9), (19, 11), (20, 48), (21, 117), (22, 8), (24, 1), (25, 2), (26, 6), (27, 4), (28, 1), (29, 2), (31, 1), (39, 1), (611, 1)]
dang object 4: 0.0014617417214819813
dang abnormal 4: 1.0
dang object 5: 0.0
dang abnormal 5: 0.0
dang object 6: 0.0
dang abnormal 6: 0.0
defaultdict(<class 'int'>, {0: 45717, 2: 67, 3: 55, 4: 13, 1: 356, 106: 1, 10: 2, 15: 3, 5: 8, 9: 7, 12: 1, 6: 6, 13: 1, 7: 4, 18: 1, 8: 1})
[(1, 1), (2, 3266), (3, 1922), (4, 4372), (5, 13614), (6, 4456), (7, 4635), (8, 4071), (9, 4163), (10, 889), (11, 936), (12, 2159), (13, 455), (14, 335), (15, 176), (16, 295), (17, 195), (18, 43), (19, 38), (20, 24), (21, 26), (22, 22), (23, 11), (24, 11), (25, 4), (26, 11), (27, 7), (28, 6), (29, 4), (30, 4), (31, 4), (32, 11), (33, 1), (35, 4), (36, 5), (37, 2), (38, 4), (40, 12), (41, 5), (42, 1), (43, 1), (45, 1), (46, 1), (47, 2), (48, 1), (49, 1), (51, 4), (52, 1), (54, 1), (56, 2), (57, 1), (60, 1), (64, 1), (67, 1), (68, 3), (69, 1), (71, 1), (72, 1), (76, 1), (77, 1), (83, 4), (85, 1), (86, 2), (106, 1), (108, 1), (116, 1), (125, 1), (142, 1), (162, 1), (168, 2), (1059, 1)]
dang object 4: 0.005708972168760677
dang abnormal 4: 0.03565640194489465
dang object 5: 0.0037627316566831736
dang abnormal 5: 0.023500810372771474
dang object 6: 0.0032437341867958395
dang abnormal 6: 0.02025931928687196
defaultdict(<class 'int'>, {0: 1456, 2: 1, 3: 506, 6: 6, 4: 1})
[(2, 1), (3, 72), (4, 206), (5, 122), (6, 248), (7, 28), (8, 107), (9, 65), (10, 103), (11, 373), (12, 20), (13, 26), (14, 21), (15, 171), (16, 41), (17, 36), (18, 37), (19, 49), (20, 16), (21, 168), (23, 37), (25, 16), (29, 6), (53, 1)]
dang object 4: 0.5954314720812183
dang abnormal 4: 1.0
dang object 5: 0.5456852791878173
dang abnormal 5: 0.9164535379369139
dang object 6: 0.4279187817258883
dang abnormal 6: 0.7186700767263428
defaultdict(<class 'int'>, {3: 7, 1: 324, 0: 7567})
[(2, 1), (3, 319), (4, 792), (5, 1110), (6, 624), (7, 264), (8, 2121), (9, 479), (10, 201), (11, 350), (12, 871), (13, 48), (14, 13), (15, 216), (16, 318), (17, 87), (18, 6), (19, 1), (20, 58), (21, 1), (22, 4), (23, 1), (24, 1), (25, 2), (26, 1), (27, 1), (28, 1), (29, 1), (30, 1), (31, 1), (32, 3), (39, 1)]
dang object 4: 0.24120030387439859
dang abnormal 4: 0.8333333333333334
dang object 5: 0.17029627753861737
dang abnormal 5: 0.5883639545056868
dang object 6: 0.10698911116738415
dang abnormal 6: 0.36964129483814523
defaultdict(<class 'int'>, {0: 5064, 10: 1, 2: 6, 1: 2})
[(2, 472), (3, 28), (4, 54), (5, 54), (6, 759), (7, 581), (8, 357), (9, 830), (10, 1316), (11, 73), (12, 58), (13, 41), (14, 15), (15, 209), (16, 60), (17, 11), (18, 6), (19, 30), (20, 7), (21, 7), (22, 23), (23, 11), (24, 8), (25, 9), (26, 5), (27, 4), (28, 10), (29, 4), (30, 11), (31, 7), (32, 1), (33, 2), (34, 1), (35, 5), (38, 1), (48, 1), (53, 2)]
dang object 4: 0.40942243248570864
dang abnormal 4: 0.7834779328555262
dang object 5: 0.32485708653656614
dang abnormal 5: 0.6216522067144474
dang object 6: 0.24659964518036664
dang abnormal 6: 0.4718973972086005
defaultdict(<class 'int'>, {0: 867})
[(4, 1), (7, 83), (9, 618), (25, 2), (26, 9), (32, 2), (34, 14), (37, 3), (38, 8), (39, 6), (41, 4), (42, 8), (44, 5), (45, 5), (46, 4), (47, 5), (48, 9), (50, 5), (51, 18), (52, 2), (53, 6), (54, 3), (56, 2), (57, 1), (59, 1), (60, 2), (62, 19), (64, 1), (65, 1), (67, 3), (68, 7), (69, 1), (72, 1), (74, 2), (75, 2), (78, 1), (79, 1), (98, 1), (111, 1)]
dang object 4: 0.23529411764705882
dang abnormal 4: 1.0
dang object 5: 0.23529411764705882
dang abnormal 5: 1.0
dang object 6: 0.23529411764705882
dang abnormal 6: 1.0
defaultdict(<class 'int'>, {0: 45717, 2: 67, 3: 55, 4: 13, 1: 356, 106: 1, 10: 2, 15: 3, 5: 8, 9: 7, 12: 1, 6: 6, 13: 1, 7: 4, 18: 1, 8: 1})
[(1, 1), (2, 3266), (3, 1922), (4, 4372), (5, 13614), (6, 4456), (7, 4635), (8, 4071), (9, 4163), (10, 889), (11, 936), (12, 2159), (13, 455), (14, 335), (15, 176), (16, 295), (17, 195), (18, 43), (19, 38), (20, 24), (21, 26), (22, 22), (23, 11), (24, 11), (25, 4), (26, 11), (27, 7), (28, 6), (29, 4), (30, 4), (31, 4), (32, 11), (33, 1), (35, 4), (36, 5), (37, 2), (38, 4), (40, 12), (41, 5), (42, 1), (43, 1), (45, 1), (46, 1), (47, 2), (48, 1), (49, 1), (51, 4), (52, 1), (54, 1), (56, 2), (57, 1), (60, 1), (64, 1), (67, 1), (68, 3), (69, 1), (71, 1), (72, 1), (76, 1), (77, 1), (83, 4), (85, 1), (86, 2), (106, 1), (108, 1), (116, 1), (125, 1), (142, 1), (162, 1), (168, 2), (1059, 1)]
dang object 4: 0.005708972168760677
dang abnormal 4: 0.03565640194489465
dang object 5: 0.0037627316566831736
dang abnormal 5: 0.023500810372771474
dang object 6: 0.0032437341867958395
dang abnormal 6: 0.02025931928687196
defaultdict(<class 'int'>, {0: 1456, 2: 1, 3: 506, 6: 6, 4: 1})
[(2, 1), (3, 72), (4, 206), (5, 122), (6, 248), (7, 28), (8, 107), (9, 65), (10, 103), (11, 373), (12, 20), (13, 26), (14, 21), (15, 171), (16, 41), (17, 36), (18, 37), (19, 49), (20, 16), (21, 168), (23, 37), (25, 16), (29, 6), (53, 1)]
dang object 4: 0.5954314720812183
dang abnormal 4: 1.0
dang object 5: 0.5456852791878173
dang abnormal 5: 0.9164535379369139
dang object 6: 0.4279187817258883
dang abnormal 6: 0.7186700767263428
defaultdict(<class 'int'>, {3: 7, 1: 324, 0: 7567})
[(2, 1), (3, 319), (4, 792), (5, 1110), (6, 624), (7, 264), (8, 2121), (9, 479), (10, 201), (11, 350), (12, 871), (13, 48), (14, 13), (15, 216), (16, 318), (17, 87), (18, 6), (19, 1), (20, 58), (21, 1), (22, 4), (23, 1), (24, 1), (25, 2), (26, 1), (27, 1), (28, 1), (29, 1), (30, 1), (31, 1), (32, 3), (39, 1)]
dang object 4: 0.24120030387439859
dang abnormal 4: 0.8333333333333334
dang object 5: 0.17029627753861737
dang abnormal 5: 0.5883639545056868
dang object 6: 0.10698911116738415
dang abnormal 6: 0.36964129483814523
defaultdict(<class 'int'>, {0: 5064, 10: 1, 2: 6, 1: 2})
[(2, 472), (3, 28), (4, 54), (5, 54), (6, 759), (7, 581), (8, 357), (9, 830), (10, 1316), (11, 73), (12, 58), (13, 41), (14, 15), (15, 209), (16, 60), (17, 11), (18, 6), (19, 30), (20, 7), (21, 7), (22, 23), (23, 11), (24, 8), (25, 9), (26, 5), (27, 4), (28, 10), (29, 4), (30, 11), (31, 7), (32, 1), (33, 2), (34, 1), (35, 5), (38, 1), (48, 1), (53, 2)]
dang object 4: 0.40942243248570864
dang abnormal 4: 0.7834779328555262
dang object 5: 0.32485708653656614
dang abnormal 5: 0.6216522067144474
dang object 6: 0.24659964518036664
dang abnormal 6: 0.4718973972086005
defaultdict(<class 'int'>, {0: 867})
[(4, 1), (7, 83), (9, 618), (25, 2), (26, 9), (32, 2), (34, 14), (37, 3), (38, 8), (39, 6), (41, 4), (42, 8), (44, 5), (45, 5), (46, 4), (47, 5), (48, 9), (50, 5), (51, 18), (52, 2), (53, 6), (54, 3), (56, 2), (57, 1), (59, 1), (60, 2), (62, 19), (64, 1), (65, 1), (67, 3), (68, 7), (69, 1), (72, 1), (74, 2), (75, 2), (78, 1), (79, 1), (98, 1), (111, 1)]
dang object 4: 0.23529411764705882
dang abnormal 4: 1.0
dang object 5: 0.23529411764705882
dang abnormal 5: 1.0
dang object 6: 0.23529411764705882
dang abnormal 6: 1.0
defaultdict(<class 'int'>, {0: 1570, 1: 12, 2: 7})
[(2, 4), (3, 682), (4, 226), (5, 204), (6, 37), (7, 41), (8, 62), (9, 127), (10, 60), (11, 11), (12, 20), (13, 9), (14, 2), (15, 1), (16, 2), (18, 1), (21, 2), (22, 86), (23, 2), (24, 2), (26, 3), (27, 3), (29, 1), (32, 1)]
dang object 4: 0.07174323473882946
dang abnormal 4: 0.7307692307692307
dang object 5: 0.06104468219005664
dang abnormal 5: 0.6217948717948718
dang object 6: 0.0591567023285085
dang abnormal 6: 0.6025641025641025
