1755
3554
769
521
742
505
369
385
[385, 383, 383, 383]
65
[383, 377, 350, 350]
[295, 277, 38, 38]
[383, 381, 381, 381]
58
384
41
0.49380979178390544
0.6775032509752926
0.9648894668400521
0.6566970091027308
0.5006501950585176
0.005201560468140442
[0.10013003901170352, 0.04681404421326398, 0.07802340702210664, 0.09622886866059818, 0.06501950585175553, 0.10143042912873862, 0.06631989596879063, 0.11053315994798439, 0.07152145643693109, 0.0754226267880364, 0.06241872561768531, 0.07022106631989597, 0.08452535760728218, 0.0754226267880364, 0.0611183355006502, 0.06371911573472042, 0.10013003901170352, 0.06762028608582575, 0.07672301690507152, 0.05981794538361508, 0.07282184655396619, 0.09232769830949285, 0.08322496749024708, 0.11313394018205461, 0.05981794538361508, 0.07022106631989597, 0.05071521456436931, 0.10273081924577374, 0.08062418725617686, 0.0988296488946684, 0.07022106631989597, 0.06631989596879063, 0.06762028608582575, 0.05071521456436931, 0.07932379713914174, 0.07282184655396619, 0.11313394018205461, 0.07152145643693109, 0.06892067620286085, 0.08322496749024708, 0.054616384915474644, 0.07282184655396619, 0.09102730819245773, 0.10143042912873862, 0.0494148244473342, 0.06371911573472042, 0.0611183355006502, 0.08452535760728218, 0.0741222366710013, 0.0858257477243173, 0.05721716514954486, 0.06501950585175553, 0.054616384915474644, 0.05071521456436931, 0.07802340702210664, 0.07802340702210664, 0.06892067620286085, 0.09492847854356307, 0.05851755526657997, 0.0858257477243173, 0.05201560468140442, 0.053315994798439535, 0.10143042912873862, 0.06762028608582575, 0.06501950585175553]
0.005201560468140442
0.005201560468140442
0.005201560468140442
0.0754226267880364
0.49934980494148246
0.053315994798439535
