717
2744
182
166
160
136
100
115
[115, 109, 106, 106]
25
[100, 88, 85, 85]
[28, 14, 11, 11]
[115, 109, 106, 106]
47
79
4
0.26129737609329445
0.9120879120879121
0.8791208791208791
0.7472527472527473
0.6318681318681318
0.02197802197802198
[0.24725274725274726, 0.23626373626373626, 0.3131868131868132, 0.21978021978021978, 0.15384615384615385, 0.2857142857142857, 0.3021978021978022, 0.2087912087912088, 0.23076923076923078, 0.21978021978021978, 0.24725274725274726, 0.3076923076923077, 0.22527472527472528, 0.22527472527472528, 0.2032967032967033, 0.27472527472527475, 0.22527472527472528, 0.23076923076923078, 0.2087912087912088, 0.25824175824175827, 0.25274725274725274, 0.25274725274725274, 0.21978021978021978, 0.21978021978021978, 0.24725274725274726]
0.02197802197802198
0.02197802197802198
0.02197802197802198
0.25824175824175827
0.4340659340659341
0.02197802197802198
