474
798
198
187
179
178
165
167
[167, 167, 166, 166]
150
[166, 166, 165, 165]
[150, 150, 149, 149]
[166, 166, 165, 165]
12
166
10
0.5939849624060151
0.9444444444444444
0.9040404040404041
0.898989898989899
0.8434343434343434
0.020202020202020204
[0.2828282828282828, 0.2878787878787879, 0.3383838383838384, 0.3181818181818182, 0.23232323232323232, 0.29797979797979796, 0.31313131313131315, 0.29292929292929293, 0.3181818181818182, 0.3484848484848485, 0.29797979797979796, 0.35858585858585856, 0.29292929292929293, 0.3434343434343434, 0.2878787878787879, 0.30303030303030304, 0.2828282828282828, 0.25757575757575757, 0.3333333333333333, 0.3282828282828283, 0.30303030303030304, 0.30303030303030304, 0.3282828282828283, 0.2878787878787879, 0.3181818181818182, 0.35353535353535354, 0.2828282828282828, 0.32323232323232326, 0.3181818181818182, 0.32323232323232326, 0.2878787878787879, 0.2828282828282828, 0.29292929292929293, 0.2828282828282828, 0.2222222222222222, 0.31313131313131315, 0.3282828282828283, 0.30808080808080807, 0.2878787878787879, 0.32323232323232326, 0.29797979797979796, 0.26262626262626265, 0.3333333333333333, 0.29292929292929293, 0.30303030303030304, 0.3484848484848485, 0.29797979797979796, 0.2676767676767677, 0.30808080808080807, 0.3181818181818182, 0.36363636363636365, 0.3282828282828283, 0.32323232323232326, 0.3282828282828283, 0.3181818181818182, 0.3484848484848485, 0.30303030303030304, 0.2828282828282828, 0.3181818181818182, 0.30808080808080807, 0.37373737373737376, 0.3181818181818182, 0.31313131313131315, 0.32323232323232326, 0.2828282828282828, 0.29797979797979796, 0.3282828282828283, 0.31313131313131315, 0.32323232323232326, 0.3333333333333333, 0.3484848484848485, 0.3333333333333333, 0.29292929292929293, 0.32323232323232326, 0.30303030303030304, 0.3181818181818182, 0.30808080808080807, 0.2222222222222222, 0.2828282828282828, 0.30808080808080807, 0.3686868686868687, 0.3383838383838384, 0.3787878787878788, 0.29797979797979796, 0.30808080808080807, 0.3383838383838384, 0.35858585858585856, 0.2777777777777778, 0.29797979797979796, 0.37373737373737376, 0.3333333333333333, 0.36363636363636365, 0.29797979797979796, 0.2828282828282828, 0.35858585858585856, 0.30808080808080807, 0.35353535353535354, 0.3282828282828283, 0.31313131313131315, 0.3383838383838384, 0.30808080808080807, 0.26262626262626265, 0.29797979797979796, 0.3282828282828283, 0.3181818181818182, 0.18686868686868688, 0.2828282828282828, 0.3434343434343434, 0.31313131313131315, 0.3434343434343434, 0.32323232323232326, 0.3282828282828283, 0.2727272727272727, 0.3888888888888889, 0.29292929292929293, 0.2878787878787879, 0.29292929292929293, 0.32323232323232326, 0.32323232323232326, 0.2676767676767677, 0.29292929292929293, 0.36363636363636365, 0.26262626262626265, 0.32323232323232326, 0.3434343434343434, 0.30303030303030304, 0.3282828282828283, 0.31313131313131315, 0.3838383838383838, 0.29292929292929293, 0.3383838383838384, 0.2878787878787879, 0.30303030303030304, 0.2777777777777778, 0.2878787878787879, 0.3181818181818182, 0.29292929292929293, 0.3282828282828283, 0.3333333333333333, 0.30303030303030304, 0.3282828282828283, 0.23232323232323232, 0.3282828282828283, 0.25757575757575757, 0.30303030303030304, 0.29797979797979796, 0.2828282828282828, 0.3333333333333333, 0.35353535353535354, 0.32323232323232326]
0.020202020202020204
0.020202020202020204
0.020202020202020204
0.06060606060606061
0.8383838383838383
0.050505050505050504
